1 0.34615384615384615 36.0
2 0.2872340425531915 27.0
3 0.2621359223300971 27.0
4 0.26436781609195403 23.0
5 0.308411214953271 33.0
6 0.36046511627906974 31.0
7 0.2608695652173913 30.0
8 0.2358490566037736 25.0
9 0.25882352941176473 22.0
10 0.23076923076923078 21.0
11 0.3146067415730337 28.0
12 0.27 27.0
13 0.20930232558139536 18.0
14 0.2828282828282828 28.0
15 0.3142857142857143 33.0
16 0.2702702702702703 20.0
17 0.20408163265306123 20.0
18 0.37962962962962965 41.0
19 0.29523809523809524 31.0
20 0.2358490566037736 25.0
21 0.2830188679245283 30.0
22 0.27522935779816515 30.0
23 0.34782608695652173 40.0
24 0.2358490566037736 25.0
25 0.20192307692307693 21.0
26 0.26436781609195403 23.0
27 0.2708333333333333 26.0
28 0.26 26.0
29 0.24107142857142858 27.0
30 0.2549019607843137 26.0
31 0.23 23.0
32 0.23931623931623933 28.0
33 0.36363636363636365 36.0
34 0.2403846153846154 25.0
35 0.25 24.0
36 0.25925925925925924 28.0
37 0.2920353982300885 33.0
38 0.23636363636363636 26.0
39 0.2980769230769231 31.0
40 0.23255813953488372 20.0
41 0.32608695652173914 30.0
42 0.2777777777777778 25.0
43 0.2777777777777778 25.0
44 0.2 23.0
45 0.23076923076923078 21.0
46 0.18181818181818182 20.0
47 0.24770642201834864 27.0
48 0.32432432432432434 36.0
49 0.3258426966292135 29.0
50 0.20588235294117646 21.0
51 0.2641509433962264 28.0
52 0.2765957446808511 26.0
53 0.29245283018867924 31.0
54 0.2653061224489796 26.0
55 0.31 31.0
56 0.3137254901960784 32.0
57 0.31313131313131315 31.0
58 0.24731182795698925 23.0
59 0.25 26.0
60 0.30303030303030304 30.0
61 0.27450980392156865 28.0
62 0.20238095238095238 17.0
63 0.3619047619047619 38.0
64 0.3148148148148148 34.0
65 0.3010752688172043 28.0
66 0.2903225806451613 27.0
67 0.25961538461538464 27.0
68 0.28431372549019607 29.0
69 0.2755102040816326 27.0
70 0.25301204819277107 21.0
71 0.3333333333333333 36.0
72 0.30864197530864196 25.0
73 0.21782178217821782 22.0
74 0.2222222222222222 22.0
75 0.23148148148148148 25.0
76 0.2125 17.0
77 0.30392156862745096 31.0
78 0.3069306930693069 31.0
79 0.32222222222222224 29.0
80 0.21 21.0
81 0.2823529411764706 24.0
82 0.29523809523809524 31.0
83 0.25773195876288657 25.0
84 0.3269230769230769 34.0
85 0.2708333333333333 26.0
86 0.1926605504587156 21.0
87 0.3148148148148148 34.0
88 0.3047619047619048 32.0
89 0.2894736842105263 22.0
90 0.28421052631578947 27.0
91 0.3090909090909091 34.0
92 0.2777777777777778 25.0
93 0.3333333333333333 33.0
94 0.27 27.0
95 0.30526315789473685 29.0
96 0.3412698412698413 43.0
97 0.2857142857142857 22.0
98 0.2631578947368421 25.0
99 0.3235294117647059 33.0
100 0.29 29.0
101 0.19811320754716982 21.0
102 0.2413793103448276 21.0
103 0.2777777777777778 25.0
104 0.26373626373626374 24.0
105 0.30973451327433627 35.0
106 0.22988505747126436 20.0
107 0.2871287128712871 29.0
108 0.23711340206185566 23.0
109 0.27906976744186046 24.0
110 0.23404255319148937 22.0
111 0.26666666666666666 28.0
112 0.20192307692307693 21.0
113 0.22727272727272727 20.0
114 0.33663366336633666 34.0
115 0.3541666666666667 34.0
116 0.30701754385964913 35.0
117 0.32407407407407407 35.0
118 0.35106382978723405 33.0
119 0.34375 33.0
120 0.29896907216494845 29.0
121 0.19469026548672566 22.0
122 0.32978723404255317 31.0
123 0.29213483146067415 26.0
124 0.32323232323232326 32.0
125 0.28 28.0
126 0.2857142857142857 26.0
127 0.2459016393442623 30.0
128 0.24761904761904763 26.0
129 0.3 30.0
130 0.2871287128712871 29.0
131 0.26666666666666666 28.0
132 0.3235294117647059 33.0
133 0.23232323232323232 23.0
134 0.2127659574468085 20.0
135 0.23711340206185566 23.0
136 0.36470588235294116 31.0
137 0.3118279569892473 29.0
138 0.28846153846153844 30.0
139 0.28 28.0
140 0.26595744680851063 25.0
141 0.26373626373626374 24.0
142 0.2903225806451613 27.0
143 0.3125 25.0
144 0.25773195876288657 25.0
145 0.2828282828282828 28.0
146 0.3106796116504854 32.0
147 0.32038834951456313 33.0
148 0.26 26.0
149 0.34065934065934067 31.0
150 0.3482142857142857 39.0
151 0.3541666666666667 34.0
152 0.32710280373831774 35.0
153 0.26136363636363635 23.0
154 0.3111111111111111 28.0
155 0.22330097087378642 23.0
156 0.31313131313131315 31.0
157 0.25773195876288657 25.0
158 0.26732673267326734 27.0
159 0.2608695652173913 24.0
160 0.3584905660377358 38.0
161 0.24210526315789474 23.0
162 0.3119266055045872 34.0
163 0.29906542056074764 32.0
164 0.25510204081632654 25.0
165 0.26595744680851063 25.0
166 0.20909090909090908 23.0
167 0.2543859649122807 29.0
168 0.3148148148148148 34.0
169 0.3333333333333333 37.0
170 0.2159090909090909 19.0
171 0.2608695652173913 30.0
172 0.1951219512195122 16.0
173 0.3176470588235294 27.0
174 0.2672413793103448 31.0
175 0.2 20.0
176 0.27722772277227725 28.0
177 0.2708333333333333 26.0
178 0.23529411764705882 24.0
179 0.29464285714285715 33.0
180 0.35353535353535354 35.0
181 0.24242424242424243 24.0
182 0.26548672566371684 30.0
183 0.32608695652173914 30.0
184 0.34782608695652173 32.0
185 0.27956989247311825 26.0
186 0.27586206896551724 24.0
187 0.2976190476190476 25.0
188 0.29292929292929293 29.0
189 0.319672131147541 39.0
190 0.23148148148148148 25.0
191 0.2717391304347826 25.0
192 0.2616822429906542 28.0
193 0.19318181818181818 17.0
194 0.25217391304347825 29.0
195 0.2621359223300971 27.0
196 0.3645833333333333 35.0
197 0.313953488372093 27.0
198 0.2542372881355932 30.0
199 0.3106796116504854 32.0
200 0.2976190476190476 25.0
201 0.3170731707317073 39.0
202 0.2978723404255319 28.0
203 0.27956989247311825 26.0
204 0.32967032967032966 30.0
205 0.21428571428571427 21.0
206 0.30526315789473685 29.0
207 0.22935779816513763 25.0
208 0.2980769230769231 31.0
209 0.2631578947368421 25.0
210 0.2543859649122807 29.0
211 0.25882352941176473 22.0
212 0.1702127659574468 16.0
213 0.2247191011235955 20.0
214 0.2604166666666667 25.0
215 0.24742268041237114 24.0
216 0.2719298245614035 31.0
217 0.2857142857142857 24.0
218 0.27184466019417475 28.0
219 0.3258426966292135 29.0
220 0.21929824561403508 25.0
221 0.23469387755102042 23.0
222 0.3917525773195876 38.0
223 0.18269230769230768 19.0
224 0.3235294117647059 33.0
225 0.32710280373831774 35.0
226 0.23863636363636365 21.0
227 0.2871287128712871 29.0
228 0.3473684210526316 33.0
229 0.31 31.0
230 0.28440366972477066 31.0
231 0.21904761904761905 23.0
232 0.24107142857142858 27.0
233 0.3619047619047619 38.0
234 0.25806451612903225 24.0
235 0.3229166666666667 31.0
236 0.2882882882882883 32.0
237 0.23214285714285715 26.0
238 0.3146067415730337 28.0
239 0.3113207547169811 33.0
240 0.24 24.0
241 0.20408163265306123 20.0
242 0.3076923076923077 32.0
243 0.26732673267326734 27.0
244 0.25 23.0
245 0.2653061224489796 26.0
246 0.34545454545454546 38.0
247 0.21621621621621623 24.0
248 0.25510204081632654 25.0
249 0.2524271844660194 26.0
250 0.21 21.0
251 0.32710280373831774 35.0
252 0.39361702127659576 37.0
253 0.4358974358974359 34.0
254 0.39361702127659576 37.0
255 0.5142857142857142 54.0
256 0.31 31.0
257 0.2894736842105263 33.0
258 0.4222222222222222 38.0
259 0.44329896907216493 43.0
260 0.3157894736842105 30.0
261 0.3883495145631068 40.0
262 0.42857142857142855 42.0
263 0.31451612903225806 39.0
264 0.35294117647058826 36.0
265 0.5288461538461539 55.0
266 0.36470588235294116 31.0
267 0.3838383838383838 38.0
268 0.35802469135802467 29.0
269 0.41025641025641024 32.0
270 0.34408602150537637 32.0
271 0.38461538461538464 35.0
272 0.4444444444444444 40.0
273 0.3157894736842105 30.0
274 0.4090909090909091 45.0
275 0.35185185185185186 38.0
276 0.34210526315789475 39.0
277 0.42528735632183906 37.0
278 0.33962264150943394 36.0
279 0.35106382978723405 33.0
280 0.3333333333333333 25.0
281 0.36082474226804123 35.0
282 0.375 33.0
283 0.3917525773195876 38.0
284 0.3185840707964602 36.0
285 0.42857142857142855 39.0
286 0.2696629213483146 24.0
287 0.2807017543859649 32.0
288 0.37962962962962965 41.0
289 0.3904761904761905 41.0
290 0.4117647058823529 42.0
291 0.32142857142857145 36.0
292 0.3645833333333333 35.0
293 0.37373737373737376 37.0
294 0.4166666666666667 45.0
295 0.3258426966292135 29.0
296 0.48936170212765956 46.0
297 0.3118279569892473 29.0
298 0.3956043956043956 36.0
299 0.37209302325581395 32.0
300 0.4270833333333333 41.0
301 0.36893203883495146 38.0
302 0.26373626373626374 24.0
303 0.38636363636363635 34.0
304 0.358695652173913 33.0
305 0.33 33.0
306 0.42718446601941745 44.0
307 0.38181818181818183 42.0
308 0.3069306930693069 31.0
309 0.3804347826086957 35.0
310 0.3645833333333333 35.0
311 0.3125 35.0
312 0.30927835051546393 30.0
313 0.32407407407407407 35.0
314 0.3225806451612903 30.0
315 0.36607142857142855 41.0
316 0.35051546391752575 34.0
317 0.38202247191011235 34.0
318 0.40869565217391307 47.0
319 0.30392156862745096 31.0
320 0.47435897435897434 37.0
321 0.3493975903614458 29.0
322 0.4666666666666667 49.0
323 0.37142857142857144 39.0
324 0.39473684210526316 45.0
325 0.297029702970297 30.0
326 0.38235294117647056 39.0
327 0.37254901960784315 38.0
328 0.38738738738738737 43.0
329 0.3942307692307692 41.0
330 0.2882882882882883 32.0
331 0.4019607843137255 41.0
332 0.40816326530612246 40.0
333 0.313953488372093 27.0
334 0.35365853658536583 29.0
335 0.4117647058823529 35.0
336 0.37037037037037035 40.0
337 0.3883495145631068 40.0
338 0.3925233644859813 42.0
339 0.4336283185840708 49.0
340 0.36036036036036034 40.0
341 0.3577981651376147 39.0
342 0.35454545454545455 39.0
343 0.2826086956521739 26.0
344 0.4020618556701031 39.0
345 0.3300970873786408 34.0
346 0.42718446601941745 44.0
347 0.32989690721649484 32.0
348 0.29347826086956524 27.0
349 0.4215686274509804 43.0
350 0.415929203539823 47.0
351 0.40816326530612246 40.0
352 0.37755102040816324 37.0
353 0.3695652173913043 34.0
354 0.38461538461538464 30.0
355 0.34782608695652173 32.0
356 0.3431372549019608 35.0
357 0.38235294117647056 39.0
358 0.36538461538461536 38.0
359 0.3673469387755102 36.0
360 0.40540540540540543 30.0
361 0.3673469387755102 36.0
362 0.39 39.0
363 0.37623762376237624 38.0
364 0.33035714285714285 37.0
365 0.32673267326732675 33.0
366 0.3300970873786408 34.0
367 0.2828282828282828 28.0
368 0.3854166666666667 37.0
369 0.40707964601769914 46.0
370 0.41379310344827586 36.0
371 0.39316239316239315 46.0
372 0.30097087378640774 31.0
373 0.38095238095238093 40.0
374 0.4297520661157025 52.0
375 0.3875 31.0
376 0.4537037037037037 49.0
377 0.4174757281553398 43.0
378 0.34408602150537637 32.0
379 0.391304347826087 36.0
380 0.43 43.0
381 0.4074074074074074 44.0
382 0.3838383838383838 38.0
383 0.3148148148148148 34.0
384 0.3979591836734694 39.0
385 0.3592233009708738 37.0
386 0.35514018691588783 38.0
387 0.3163265306122449 31.0
388 0.38 38.0
389 0.44036697247706424 48.0
390 0.34285714285714286 36.0
391 0.36792452830188677 39.0
392 0.3790322580645161 47.0
393 0.3870967741935484 36.0
394 0.33620689655172414 39.0
395 0.4588235294117647 39.0
396 0.30701754385964913 35.0
397 0.28703703703703703 31.0
398 0.39823008849557523 45.0
399 0.42592592592592593 46.0
400 0.36082474226804123 35.0
401 0.33962264150943394 36.0
402 0.3655913978494624 34.0
403 0.4174757281553398 43.0
404 0.4444444444444444 40.0
405 0.39 39.0
406 0.3181818181818182 35.0
407 0.41414141414141414 41.0
408 0.3173076923076923 33.0
409 0.41414141414141414 41.0
410 0.36538461538461536 38.0
411 0.4583333333333333 44.0
412 0.42105263157894735 40.0
413 0.4214876033057851 51.0
414 0.32222222222222224 29.0
415 0.41237113402061853 40.0
416 0.3974358974358974 31.0
417 0.3153153153153153 35.0
418 0.4329896907216495 42.0
419 0.3614457831325301 30.0
420 0.40350877192982454 46.0
421 0.3372093023255814 29.0
422 0.40707964601769914 46.0
423 0.3917525773195876 38.0
424 0.41836734693877553 41.0
425 0.32075471698113206 34.0
426 0.46534653465346537 47.0
427 0.3821138211382114 47.0
428 0.34782608695652173 32.0
429 0.3229166666666667 31.0
430 0.3888888888888889 35.0
431 0.3431372549019608 35.0
432 0.2619047619047619 22.0
433 0.5194805194805194 40.0
434 0.4329896907216495 42.0
435 0.3879310344827586 45.0
436 0.3431372549019608 35.0
437 0.4588235294117647 39.0
438 0.3893805309734513 44.0
439 0.4528301886792453 48.0
440 0.34375 33.0
441 0.32967032967032966 30.0
442 0.36666666666666664 33.0
443 0.384 48.0
444 0.3364485981308411 36.0
445 0.4175824175824176 38.0
446 0.39 39.0
447 0.3448275862068966 40.0
448 0.41964285714285715 47.0
449 0.42 42.0
450 0.336283185840708 38.0
451 0.4 38.0
452 0.4411764705882353 45.0
453 0.4421052631578947 42.0
454 0.4235294117647059 36.0
455 0.36065573770491804 44.0
456 0.44086021505376344 41.0
457 0.30337078651685395 27.0
458 0.29838709677419356 37.0
459 0.3541666666666667 34.0
460 0.44047619047619047 37.0
461 0.3504273504273504 41.0
462 0.37777777777777777 34.0
463 0.43103448275862066 50.0
464 0.38461538461538464 40.0
465 0.3394495412844037 37.0
466 0.3763440860215054 35.0
467 0.3465346534653465 35.0
468 0.4090909090909091 45.0
469 0.32608695652173914 30.0
470 0.4230769230769231 44.0
471 0.36470588235294116 31.0
472 0.43820224719101125 39.0
473 0.3786407766990291 39.0
474 0.31 31.0
475 0.40869565217391307 47.0
476 0.35051546391752575 34.0
477 0.4444444444444444 48.0
478 0.46534653465346537 47.0
479 0.3238095238095238 34.0
480 0.2912621359223301 30.0
481 0.32222222222222224 29.0
482 0.308411214953271 33.0
483 0.3191489361702128 30.0
484 0.3018867924528302 32.0
485 0.3333333333333333 32.0
486 0.4 50.0
487 0.35802469135802467 29.0
488 0.3402061855670103 33.0
489 0.3333333333333333 34.0
490 0.3548387096774194 33.0
491 0.37755102040816324 37.0
492 0.3763440860215054 35.0
493 0.3711340206185567 36.0
494 0.2524271844660194 26.0
495 0.4235294117647059 36.0
496 0.4423076923076923 46.0
497 0.35555555555555557 32.0
498 0.42857142857142855 42.0
499 0.4095238095238095 43.0
500 0.3076923076923077 32.0
501 0.03409090909090909 3.0
502 0.102803738317757 11.0
503 0.08421052631578947 8.0
504 0.07476635514018691 8.0
505 0.034782608695652174 4.0
506 0.06315789473684211 6.0
507 0.08163265306122448 8.0
508 0.07692307692307693 7.0
509 0.06818181818181818 6.0
510 0.1 11.0
511 0.11214953271028037 12.0
512 0.12745098039215685 13.0
513 0.056818181818181816 5.0
514 0.046511627906976744 4.0
515 0.049019607843137254 5.0
516 0.10256410256410256 12.0
517 0.04716981132075472 5.0
518 0.04716981132075472 5.0
519 0.06666666666666667 7.0
520 0.05504587155963303 6.0
521 0.11818181818181818 13.0
522 0.08433734939759036 7.0
523 0.059322033898305086 7.0
524 0.07777777777777778 7.0
525 0.058823529411764705 6.0
526 0.14130434782608695 13.0
527 0.1134020618556701 11.0
528 0.06862745098039216 7.0
529 0.1 9.0
530 0.07563025210084033 9.0
531 0.1134020618556701 11.0
532 0.07142857142857142 6.0
533 0.07291666666666667 7.0
534 0.10204081632653061 10.0
535 0.09473684210526316 9.0
536 0.09259259259259259 10.0
537 0.07446808510638298 7.0
538 0.06666666666666667 6.0
539 0.018691588785046728 2.0
540 0.043859649122807015 5.0
541 0.045871559633027525 5.0
542 0.08791208791208792 8.0
543 0.038834951456310676 4.0
544 0.06521739130434782 6.0
545 0.06382978723404255 6.0
546 0.06593406593406594 6.0
547 0.1111111111111111 12.0
548 0.08653846153846154 9.0
549 0.05825242718446602 6.0
550 0.07407407407407407 8.0
551 0.06363636363636363 7.0
552 0.01818181818181818 2.0
553 0.09523809523809523 10.0
554 0.09 9.0
555 0.037383177570093455 4.0
556 0.07692307692307693 8.0
557 0.08421052631578947 8.0
558 0.04950495049504951 5.0
559 0.06153846153846154 8.0
560 0.0975609756097561 8.0
561 0.06837606837606838 8.0
562 0.050505050505050504 5.0
563 0.09803921568627451 10.0
564 0.046296296296296294 5.0
565 0.0707070707070707 7.0
566 0.09278350515463918 9.0
567 0.12962962962962962 14.0
568 0.011363636363636364 1.0
569 0.04807692307692308 5.0
570 0.04040404040404041 4.0
571 0.10126582278481013 8.0
572 0.10416666666666667 10.0
573 0.08333333333333333 7.0
574 0.06862745098039216 7.0
575 0.12931034482758622 15.0
576 0.1320754716981132 14.0
577 0.03614457831325301 3.0
578 0.047619047619047616 5.0
579 0.02830188679245283 3.0
580 0.04950495049504951 5.0
581 0.09302325581395349 8.0
582 0.10784313725490197 11.0
583 0.056818181818181816 5.0
584 0.10185185185185185 11.0
585 0.06956521739130435 8.0
586 0.06451612903225806 6.0
587 0.12222222222222222 11.0
588 0.061224489795918366 6.0
589 0.045871559633027525 5.0
590 0.09803921568627451 10.0
591 0.11711711711711711 13.0
592 0.08080808080808081 8.0
593 0.07339449541284404 8.0
594 0.05714285714285714 6.0
595 0.08421052631578947 8.0
596 0.041666666666666664 4.0
597 0.06 6.0
598 0.07766990291262135 8.0
599 0.05263157894736842 5.0
600 0.1320754716981132 14.0
601 0.047619047619047616 5.0
602 0.07777777777777778 7.0
603 0.09782608695652174 9.0
604 0.06666666666666667 5.0
605 0.07526881720430108 7.0
606 0.0625 6.0
607 0.0975609756097561 8.0
608 0.06741573033707865 6.0
609 0.049586776859504134 6.0
610 0.08411214953271028 9.0
611 0.05454545454545454 6.0
612 0.047619047619047616 5.0
613 0.07142857142857142 8.0
614 0.07368421052631578 7.0
615 0.06956521739130435 8.0
616 0.10576923076923077 11.0
617 0.03260869565217391 3.0
618 0.07207207207207207 8.0
619 0.043478260869565216 4.0
620 0.10638297872340426 10.0
621 0.04081632653061224 4.0
622 0.09302325581395349 8.0
623 0.05504587155963303 6.0
624 0.04040404040404041 4.0
625 0.05357142857142857 6.0
626 0.07446808510638298 7.0
627 0.08 8.0
628 0.06666666666666667 5.0
629 0.10227272727272728 9.0
630 0.049019607843137254 5.0
631 0.09375 9.0
632 0.056818181818181816 5.0
633 0.07920792079207921 8.0
634 0.09523809523809523 10.0
635 0.10909090909090909 12.0
636 0.1 9.0
637 0.06930693069306931 7.0
638 0.0970873786407767 10.0
639 0.04854368932038835 5.0
640 0.07920792079207921 8.0
641 0.06896551724137931 6.0
642 0.07142857142857142 8.0
643 0.04854368932038835 5.0
644 0.07368421052631578 7.0
645 0.09565217391304348 11.0
646 0.07 7.0
647 0.07476635514018691 8.0
648 0.0625 6.0
649 0.10204081632653061 10.0
650 0.12389380530973451 14.0
651 0.09090909090909091 8.0
652 0.053763440860215055 5.0
653 0.08 10.0
654 0.05319148936170213 5.0
655 0.0782608695652174 9.0
656 0.02040816326530612 2.0
657 0.08771929824561403 10.0
658 0.08571428571428572 9.0
659 0.05154639175257732 5.0
660 0.025423728813559324 3.0
661 0.05714285714285714 6.0
662 0.031914893617021274 3.0
663 0.08333333333333333 10.0
664 0.12087912087912088 11.0
665 0.028846153846153848 3.0
666 0.05825242718446602 6.0
667 0.0707070707070707 7.0
668 0.07272727272727272 8.0
669 0.06796116504854369 7.0
670 0.06481481481481481 7.0
671 0.0891089108910891 9.0
672 0.06896551724137931 6.0
673 0.0625 6.0
674 0.05952380952380952 5.0
675 0.08823529411764706 9.0
676 0.07692307692307693 6.0
677 0.050505050505050504 5.0
678 0.10204081632653061 10.0
679 0.06837606837606838 8.0
680 0.0782608695652174 9.0
681 0.06363636363636363 7.0
682 0.038834951456310676 4.0
683 0.03125 3.0
684 0.07608695652173914 7.0
685 0.07142857142857142 8.0
686 0.05555555555555555 6.0
687 0.09278350515463918 9.0
688 0.05747126436781609 5.0
689 0.06862745098039216 7.0
690 0.10526315789473684 10.0
691 0.0989010989010989 9.0
692 0.06593406593406594 6.0
693 0.08849557522123894 10.0
694 0.061855670103092786 6.0
695 0.12244897959183673 12.0
696 0.10309278350515463 10.0
697 0.07547169811320754 8.0
698 0.039603960396039604 4.0
699 0.07608695652173914 7.0
700 0.06481481481481481 7.0
701 0.09090909090909091 9.0
702 0.040983606557377046 5.0
703 0.10112359550561797 9.0
704 0.07017543859649122 8.0
705 0.08139534883720931 7.0
706 0.08421052631578947 8.0
707 0.06086956521739131 7.0
708 0.046296296296296294 5.0
709 0.05825242718446602 6.0
710 0.0847457627118644 10.0
711 0.05217391304347826 6.0
712 0.12121212121212122 12.0
713 0.061855670103092786 6.0
714 0.05747126436781609 5.0
715 0.13541666666666666 13.0
716 0.057692307692307696 6.0
717 0.11926605504587157 13.0
718 0.05357142857142857 6.0
719 0.053763440860215055 5.0
720 0.061224489795918366 6.0
721 0.0660377358490566 7.0
722 0.09090909090909091 10.0
723 0.11235955056179775 10.0
724 0.10416666666666667 10.0
725 0.06521739130434782 6.0
726 0.050505050505050504 5.0
727 0.08235294117647059 7.0
728 0.07142857142857142 6.0
729 0.10465116279069768 9.0
730 0.11214953271028037 12.0
731 0.05263157894736842 5.0
732 0.07526881720430108 7.0
733 0.07 7.0
734 0.08045977011494253 7.0
735 0.06060606060606061 6.0
736 0.09 9.0
737 0.04040404040404041 4.0
738 0.06060606060606061 6.0
739 0.075 9.0
740 0.06542056074766354 7.0
741 0.06741573033707865 6.0
742 0.08108108108108109 9.0
743 0.07058823529411765 6.0
744 0.07017543859649122 8.0
745 0.08602150537634409 8.0
746 0.10377358490566038 11.0
747 0.17582417582417584 16.0
748 0.037037037037037035 3.0
749 0.09473684210526316 9.0
750 0.07547169811320754 8.0
751 0.3191489361702128 30.0
752 0.3063063063063063 34.0
753 0.27884615384615385 29.0
754 0.26804123711340205 26.0
755 0.325 26.0
756 0.2828282828282828 28.0
757 0.3229166666666667 31.0
758 0.2604166666666667 25.0
759 0.19387755102040816 19.0
760 0.25252525252525254 25.0
761 0.2631578947368421 25.0
762 0.2988505747126437 26.0
763 0.2553191489361702 24.0
764 0.22580645161290322 21.0
765 0.22123893805309736 25.0
766 0.3181818181818182 28.0
767 0.18811881188118812 19.0
768 0.2391304347826087 22.0
769 0.35714285714285715 35.0
770 0.3333333333333333 31.0
771 0.3125 30.0
772 0.22105263157894736 21.0
773 0.27722772277227725 28.0
774 0.33980582524271846 35.0
775 0.3173076923076923 33.0
776 0.29292929292929293 29.0
777 0.24210526315789474 23.0
778 0.2631578947368421 25.0
779 0.36082474226804123 35.0
780 0.28205128205128205 33.0
781 0.2553191489361702 24.0
782 0.24299065420560748 26.0
783 0.2336448598130841 25.0
784 0.27906976744186046 24.0
785 0.2564102564102564 30.0
786 0.21495327102803738 23.0
787 0.3263157894736842 31.0
788 0.2 17.0
789 0.23008849557522124 26.0
790 0.29906542056074764 32.0
791 0.24752475247524752 25.0
792 0.28431372549019607 29.0
793 0.33695652173913043 31.0
794 0.28 28.0
795 0.25555555555555554 23.0
796 0.2222222222222222 24.0
797 0.27956989247311825 26.0
798 0.34408602150537637 32.0
799 0.2743362831858407 31.0
800 0.29213483146067415 26.0
801 0.3076923076923077 28.0
802 0.24074074074074073 26.0
803 0.23655913978494625 22.0
804 0.35789473684210527 34.0
805 0.2903225806451613 27.0
806 0.29464285714285715 33.0
807 0.3300970873786408 34.0
808 0.2459016393442623 30.0
809 0.3010752688172043 28.0
810 0.2831858407079646 32.0
811 0.20192307692307693 21.0
812 0.27 27.0
813 0.2948717948717949 23.0
814 0.2708333333333333 26.0
815 0.24347826086956523 28.0
816 0.2833333333333333 34.0
817 0.2631578947368421 30.0
818 0.25217391304347825 29.0
819 0.2 18.0
820 0.2641509433962264 28.0
821 0.19626168224299065 21.0
822 0.25892857142857145 29.0
823 0.2808988764044944 25.0
824 0.28421052631578947 27.0
825 0.19 19.0
826 0.21649484536082475 21.0
827 0.28888888888888886 26.0
828 0.21649484536082475 21.0
829 0.32926829268292684 27.0
830 0.2549019607843137 26.0
831 0.2079207920792079 21.0
832 0.27586206896551724 24.0
833 0.21875 21.0
834 0.25252525252525254 25.0
835 0.3229166666666667 31.0
836 0.3564356435643564 36.0
837 0.28 21.0
838 0.25925925925925924 28.0
839 0.26785714285714285 30.0
840 0.21978021978021978 20.0
841 0.3157894736842105 30.0
842 0.3113207547169811 33.0
843 0.2872340425531915 27.0
844 0.26851851851851855 29.0
845 0.24786324786324787 29.0
846 0.2391304347826087 22.0
847 0.24324324324324326 27.0
848 0.25510204081632654 25.0
849 0.2736842105263158 26.0
850 0.24509803921568626 25.0
851 0.3185840707964602 36.0
852 0.3389830508474576 40.0
853 0.19047619047619047 20.0
854 0.26506024096385544 22.0
855 0.25663716814159293 29.0
856 0.30701754385964913 35.0
857 0.25263157894736843 24.0
858 0.20192307692307693 21.0
859 0.25 21.0
860 0.24770642201834864 27.0
861 0.3263157894736842 31.0
862 0.25842696629213485 23.0
863 0.26262626262626265 26.0
864 0.28125 27.0
865 0.22916666666666666 22.0
866 0.33 33.0
867 0.2616822429906542 28.0
868 0.29292929292929293 29.0
869 0.21100917431192662 23.0
870 0.2159090909090909 19.0
871 0.24175824175824176 22.0
872 0.17721518987341772 14.0
873 0.3333333333333333 28.0
874 0.22727272727272727 25.0
875 0.308411214953271 33.0
876 0.24786324786324787 29.0
877 0.1978021978021978 18.0
878 0.2523364485981308 27.0
879 0.22448979591836735 22.0
880 0.25 24.0
881 0.32407407407407407 35.0
882 0.2692307692307692 35.0
883 0.30434782608695654 35.0
884 0.2727272727272727 27.0
885 0.28125 27.0
886 0.1836734693877551 18.0
887 0.34951456310679613 36.0
888 0.23893805309734514 27.0
889 0.22448979591836735 22.0
890 0.30303030303030304 30.0
891 0.24528301886792453 26.0
892 0.2765957446808511 26.0
893 0.35365853658536583 29.0
894 0.21052631578947367 20.0
895 0.297029702970297 30.0
896 0.29896907216494845 29.0
897 0.21568627450980393 22.0
898 0.30392156862745096 31.0
899 0.2857142857142857 28.0
900 0.2692307692307692 28.0
901 0.3113207547169811 33.0
902 0.2604166666666667 25.0
903 0.35443037974683544 28.0
904 0.2692307692307692 28.0
905 0.25 27.0
906 0.23076923076923078 24.0
907 0.3010752688172043 28.0
908 0.24752475247524752 25.0
909 0.2727272727272727 24.0
910 0.2708333333333333 26.0
911 0.2727272727272727 27.0
912 0.27835051546391754 27.0
913 0.3118279569892473 29.0
914 0.2653061224489796 26.0
915 0.3125 35.0
916 0.25663716814159293 29.0
917 0.2815533980582524 29.0
918 0.23376623376623376 18.0
919 0.3069306930693069 31.0
920 0.27722772277227725 28.0
921 0.3469387755102041 34.0
922 0.27102803738317754 29.0
923 0.25510204081632654 25.0
924 0.26373626373626374 24.0
925 0.32432432432432434 36.0
926 0.2857142857142857 34.0
927 0.29 29.0
928 0.29591836734693877 29.0
929 0.30952380952380953 26.0
930 0.18269230769230768 19.0
931 0.23404255319148937 22.0
932 0.22115384615384615 23.0
933 0.28440366972477066 31.0
934 0.2247191011235955 20.0
935 0.2619047619047619 22.0
936 0.3247863247863248 38.0
937 0.23387096774193547 29.0
938 0.20408163265306123 20.0
939 0.2621359223300971 27.0
940 0.22772277227722773 23.0
941 0.20192307692307693 21.0
942 0.26666666666666666 24.0
943 0.2920353982300885 33.0
944 0.2967032967032967 27.0
945 0.28865979381443296 28.0
946 0.31313131313131315 31.0
947 0.21238938053097345 24.0
948 0.2767857142857143 31.0
949 0.27 27.0
950 0.26262626262626265 26.0
951 0.2767857142857143 31.0
952 0.25263157894736843 24.0
953 0.30434782608695654 35.0
954 0.26804123711340205 26.0
955 0.3055555555555556 33.0
956 0.1744186046511628 15.0
957 0.3118279569892473 29.0
958 0.22826086956521738 21.0
959 0.25663716814159293 29.0
960 0.3883495145631068 40.0
961 0.29473684210526313 28.0
962 0.14102564102564102 11.0
963 0.34951456310679613 36.0
964 0.23404255319148937 22.0
965 0.24752475247524752 25.0
966 0.30701754385964913 35.0
967 0.24719101123595505 22.0
968 0.2967032967032967 27.0
969 0.2457627118644068 29.0
970 0.3263157894736842 31.0
971 0.1839080459770115 16.0
972 0.2857142857142857 28.0
973 0.308411214953271 33.0
974 0.33035714285714285 37.0
975 0.3191489361702128 30.0
976 0.2796610169491525 33.0
977 0.26732673267326734 27.0
978 0.2524271844660194 26.0
979 0.1717171717171717 17.0
980 0.24299065420560748 26.0
981 0.3076923076923077 32.0
982 0.24770642201834864 27.0
983 0.28421052631578947 27.0
984 0.14545454545454545 16.0
985 0.2826086956521739 26.0
986 0.23333333333333334 21.0
987 0.32 32.0
988 0.23015873015873015 29.0
989 0.2808988764044944 25.0
990 0.2672413793103448 31.0
991 0.24 24.0
992 0.24752475247524752 25.0
993 0.2962962962962963 32.0
994 0.3103448275862069 27.0
995 0.34579439252336447 37.0
996 0.2653061224489796 26.0
997 0.26548672566371684 30.0
998 0.23232323232323232 23.0
999 0.2621359223300971 27.0
1000 0.30612244897959184 30.0
