1;1;1;1
1;2;0;1
1;3;0;1
1;4;0;1
2;1;1;2
2;2;0;2
2;3;0;2
2;4;0;2
3;1;1;3
3;2;0;3
3;3;0;3
3;4;0;3
4;1;1;4
4;2;0;4
4;3;0;4
4;4;0;4
5;1;1;5
5;2;0;5
5;3;0;5
5;4;0;5
6;1;1;6
6;2;0;6
6;3;0;6
6;4;0;6
7;1;1;7
7;2;0;7
7;3;0;7
7;4;0;7
8;1;1;8
8;2;0;8
8;3;0;8
8;4;0;8
9;1;1;9
9;2;0;9
9;3;0;9
9;4;0;9
10;1;1;10
10;2;0;10
10;3;0;10
10;4;0;10
11;1;1;11
11;2;0;11
11;3;0;11
11;4;0;11
12;1;1;12
12;2;0;12
12;3;0;12
12;4;0;12
13;1;1;13
13;2;0;13
13;3;0;13
13;4;0;13
14;1;1;14
14;2;0;14
14;3;0;14
14;4;0;14
15;1;1;15
15;2;0;15
15;3;0;15
15;4;0;15
16;1;1;16
16;2;0;16
16;3;0;16
16;4;0;16
17;1;1;17
17;2;0;17
17;3;0;17
17;4;0;17
18;1;1;18
18;2;0;18
18;3;0;18
18;4;0;18
19;1;1;19
19;2;0;19
19;3;0;19
19;4;0;19
20;1;1;20
20;2;0;20
20;3;0;20
20;4;0;20
21;1;1;21
21;2;0;21
21;3;0;21
21;4;0;21
22;1;1;22
22;2;0;22
22;3;0;22
22;4;0;22
23;1;1;23
23;2;0;23
23;3;0;23
23;4;0;23
24;1;1;24
24;2;0;24
24;3;0;24
24;4;0;24
25;1;1;25
25;2;0;25
25;3;0;25
25;4;0;25
26;1;1;26
26;2;0;26
26;3;0;26
26;4;0;26
27;1;1;27
27;2;0;27
27;3;0;27
27;4;0;27
28;1;1;28
28;2;0;28
28;3;0;28
28;4;0;28
29;1;1;29
29;2;0;29
29;3;0;29
29;4;0;29
30;1;1;30
30;2;0;30
30;3;0;30
30;4;0;30
31;1;1;31
31;2;0;31
31;3;0;31
31;4;0;31
32;1;1;32
32;2;0;32
32;3;0;32
32;4;0;32
33;1;1;33
33;2;0;33
33;3;0;33
33;4;0;33
34;1;1;34
34;2;0;34
34;3;0;34
34;4;0;34
35;1;1;35
35;2;0;35
35;3;0;35
35;4;0;35
36;1;1;36
36;2;0;36
36;3;0;36
36;4;0;36
37;1;1;37
37;2;0;37
37;3;0;37
37;4;0;37
38;1;1;38
38;2;0;38
38;3;0;38
38;4;0;38
39;1;1;39
39;2;0;39
39;3;0;39
39;4;0;39
40;1;1;40
40;2;0;40
40;3;0;40
40;4;0;40
41;1;1;41
41;2;0;41
41;3;0;41
41;4;0;41
42;1;1;42
42;2;0;42
42;3;0;42
42;4;0;42
43;1;1;43
43;2;0;43
43;3;0;43
43;4;0;43
44;1;1;44
44;2;0;44
44;3;0;44
44;4;0;44
45;1;1;45
45;2;0;45
45;3;0;45
45;4;0;45
46;1;1;46
46;2;0;46
46;3;0;46
46;4;0;46
47;1;1;47
47;2;0;47
47;3;0;47
47;4;0;47
48;1;1;48
48;2;0;48
48;3;0;48
48;4;0;48
49;1;1;49
49;2;0;49
49;3;0;49
49;4;0;49
50;1;1;50
50;2;0;50
50;3;0;50
50;4;0;50
51;1;1;51
51;2;0;51
51;3;0;51
51;4;0;51
52;1;1;52
52;2;0;52
52;3;0;52
52;4;0;52
53;1;1;53
53;2;0;53
53;3;0;53
53;4;0;53
54;1;1;54
54;2;0;54
54;3;0;54
54;4;0;54
55;1;1;55
55;2;0;55
55;3;0;55
55;4;0;55
56;1;1;56
56;2;0;56
56;3;0;56
56;4;0;56
57;1;1;57
57;2;0;57
57;3;0;57
57;4;0;57
58;1;1;58
58;2;0;58
58;3;0;58
58;4;0;58
59;1;1;59
59;2;0;59
59;3;0;59
59;4;0;59
60;1;1;60
60;2;0;60
60;3;0;60
60;4;0;60
61;1;1;61
61;2;0;61
61;3;0;61
61;4;0;61
62;1;1;62
62;2;0;62
62;3;0;62
62;4;0;62
63;1;1;63
63;2;0;63
63;3;0;63
63;4;0;63
64;1;1;64
64;2;0;64
64;3;0;64
64;4;0;64
65;1;1;65
65;2;0;65
65;3;0;65
65;4;0;65
66;1;1;66
66;2;0;66
66;3;0;66
66;4;0;66
67;1;1;67
67;2;0;67
67;3;0;67
67;4;0;67
68;1;1;68
68;2;0;68
68;3;0;68
68;4;0;68
69;1;1;69
69;2;0;69
69;3;0;69
69;4;0;69
70;1;1;70
70;2;0;70
70;3;0;70
70;4;0;70
71;1;1;71
71;2;0;71
71;3;0;71
71;4;0;71
72;1;1;72
72;2;0;72
72;3;0;72
72;4;0;72
73;1;1;73
73;2;0;73
73;3;0;73
73;4;0;73
74;1;1;74
74;2;0;74
74;3;0;74
74;4;0;74
75;1;1;75
75;2;0;75
75;3;0;75
75;4;0;75
76;1;1;76
76;2;0;76
76;3;0;76
76;4;0;76
77;1;1;77
77;2;0;77
77;3;0;77
77;4;0;77
78;1;1;78
78;2;0;78
78;3;0;78
78;4;0;78
79;1;1;79
79;2;0;79
79;3;0;79
79;4;0;79
80;1;1;80
80;2;0;80
80;3;0;80
80;4;0;80
81;1;1;81
81;2;0;81
81;3;0;81
81;4;0;81
82;1;1;82
82;2;0;82
82;3;0;82
82;4;0;82
83;1;1;83
83;2;0;83
83;3;0;83
83;4;0;83
84;1;1;84
84;2;0;84
84;3;0;84
84;4;0;84
85;1;1;85
85;2;0;85
85;3;0;85
85;4;0;85
86;1;1;86
86;2;0;86
86;3;0;86
86;4;0;86
87;1;1;87
87;2;0;87
87;3;0;87
87;4;0;87
88;1;1;88
88;2;0;88
88;3;0;88
88;4;0;88
89;1;1;89
89;2;0;89
89;3;0;89
89;4;0;89
90;1;1;90
90;2;0;90
90;3;0;90
90;4;0;90
91;1;1;91
91;2;0;91
91;3;0;91
91;4;0;91
92;1;1;92
92;2;0;92
92;3;0;92
92;4;0;92
93;1;1;93
93;2;0;93
93;3;0;93
93;4;0;93
94;1;1;94
94;2;0;94
94;3;0;94
94;4;0;94
95;1;1;95
95;2;0;95
95;3;0;95
95;4;0;95
96;1;1;96
96;2;0;96
96;3;0;96
96;4;0;96
97;1;1;97
97;2;0;97
97;3;0;97
97;4;0;97
98;1;1;98
98;2;0;98
98;3;0;98
98;4;0;98
99;1;1;99
99;2;0;99
99;3;0;99
99;4;0;99
100;1;1;100
100;2;0;100
100;3;0;100
100;4;0;100
101;1;1;101
101;2;0;101
101;3;0;101
101;4;0;101
102;1;1;102
102;2;0;102
102;3;0;102
102;4;0;102
103;1;1;103
103;2;0;103
103;3;0;103
103;4;0;103
104;1;1;104
104;2;0;104
104;3;0;104
104;4;0;104
105;1;1;105
105;2;0;105
105;3;0;105
105;4;0;105
106;1;1;106
106;2;0;106
106;3;0;106
106;4;0;106
107;1;1;107
107;2;0;107
107;3;0;107
107;4;0;107
108;1;1;108
108;2;0;108
108;3;0;108
108;4;0;108
109;1;1;109
109;2;0;109
109;3;0;109
109;4;0;109
110;1;1;110
110;2;0;110
110;3;0;110
110;4;0;110
111;1;1;111
111;2;0;111
111;3;0;111
111;4;0;111
112;1;1;112
112;2;0;112
112;3;0;112
112;4;0;112
113;1;1;113
113;2;0;113
113;3;0;113
113;4;0;113
114;1;1;114
114;2;0;114
114;3;0;114
114;4;0;114
115;1;1;115
115;2;0;115
115;3;0;115
115;4;0;115
116;1;1;116
116;2;0;116
116;3;0;116
116;4;0;116
117;1;1;117
117;2;0;117
117;3;0;117
117;4;0;117
118;1;1;118
118;2;0;118
118;3;0;118
118;4;0;118
119;1;1;119
119;2;0;119
119;3;0;119
119;4;0;119
120;1;1;120
120;2;0;120
120;3;0;120
120;4;0;120
121;1;1;121
121;2;0;121
121;3;0;121
121;4;0;121
122;1;1;122
122;2;0;122
122;3;0;122
122;4;0;122
123;1;1;123
123;2;0;123
123;3;0;123
123;4;0;123
124;1;1;124
124;2;0;124
124;3;0;124
124;4;0;124
125;1;1;125
125;2;0;125
125;3;0;125
125;4;0;125
126;1;1;126
126;2;0;126
126;3;0;126
126;4;0;126
127;1;1;127
127;2;0;127
127;3;0;127
127;4;0;127
128;1;1;128
128;2;0;128
128;3;0;128
128;4;0;128
129;1;1;129
129;2;0;129
129;3;0;129
129;4;0;129
130;1;1;130
130;2;0;130
130;3;0;130
130;4;0;130
131;1;1;131
131;2;0;131
131;3;0;131
131;4;0;131
132;1;1;132
132;2;0;132
132;3;0;132
132;4;0;132
133;1;1;133
133;2;0;133
133;3;0;133
133;4;0;133
134;1;1;134
134;2;0;134
134;3;0;134
134;4;0;134
135;1;1;135
135;2;0;135
135;3;0;135
135;4;0;135
136;1;1;136
136;2;0;136
136;3;0;136
136;4;0;136
137;1;1;137
137;2;0;137
137;3;0;137
137;4;0;137
138;1;1;138
138;2;0;138
138;3;0;138
138;4;0;138
139;1;1;139
139;2;0;139
139;3;0;139
139;4;0;139
140;1;1;140
140;2;0;140
140;3;0;140
140;4;0;140
141;1;1;141
141;2;0;141
141;3;0;141
141;4;0;141
142;1;1;142
142;2;0;142
142;3;0;142
142;4;0;142
143;1;1;143
143;2;0;143
143;3;0;143
143;4;0;143
144;1;1;144
144;2;0;144
144;3;0;144
144;4;0;144
145;1;1;145
145;2;0;145
145;3;0;145
145;4;0;145
146;1;1;146
146;2;0;146
146;3;0;146
146;4;0;146
147;1;1;147
147;2;0;147
147;3;0;147
147;4;0;147
148;1;1;148
148;2;0;148
148;3;0;148
148;4;0;148
149;1;1;149
149;2;0;149
149;3;0;149
149;4;0;149
150;1;1;150
150;2;0;150
150;3;0;150
150;4;0;150
151;1;1;151
151;2;0;151
151;3;0;151
151;4;0;151
152;1;1;152
152;2;0;152
152;3;0;152
152;4;0;152
153;1;1;153
153;2;0;153
153;3;0;153
153;4;0;153
154;1;1;154
154;2;0;154
154;3;0;154
154;4;0;154
155;1;1;155
155;2;0;155
155;3;0;155
155;4;0;155
156;1;1;156
156;2;0;156
156;3;0;156
156;4;0;156
157;1;1;157
157;2;0;157
157;3;0;157
157;4;0;157
158;1;1;158
158;2;0;158
158;3;0;158
158;4;0;158
159;1;1;159
159;2;0;159
159;3;0;159
159;4;0;159
160;1;1;160
160;2;0;160
160;3;0;160
160;4;0;160
161;1;1;161
161;2;0;161
161;3;0;161
161;4;0;161
162;1;1;162
162;2;0;162
162;3;0;162
162;4;0;162
163;1;1;163
163;2;0;163
163;3;0;163
163;4;0;163
164;1;1;164
164;2;0;164
164;3;0;164
164;4;0;164
165;1;1;165
165;2;0;165
165;3;0;165
165;4;0;165
166;1;1;166
166;2;0;166
166;3;0;166
166;4;0;166
167;1;1;167
167;2;0;167
167;3;0;167
167;4;0;167
168;1;1;168
168;2;0;168
168;3;0;168
168;4;0;168
169;1;1;169
169;2;0;169
169;3;0;169
169;4;0;169
170;1;1;170
170;2;0;170
170;3;0;170
170;4;0;170
171;1;1;171
171;2;0;171
171;3;0;171
171;4;0;171
172;1;1;172
172;2;0;172
172;3;0;172
172;4;0;172
173;1;1;173
173;2;0;173
173;3;0;173
173;4;0;173
174;1;1;174
174;2;0;174
174;3;0;174
174;4;0;174
175;1;1;175
175;2;0;175
175;3;0;175
175;4;0;175
176;1;1;176
176;2;0;176
176;3;0;176
176;4;0;176
177;1;1;177
177;2;0;177
177;3;0;177
177;4;0;177
178;1;1;178
178;2;0;178
178;3;0;178
178;4;0;178
179;1;1;179
179;2;0;179
179;3;0;179
179;4;0;179
180;1;1;180
180;2;0;180
180;3;0;180
180;4;0;180
181;1;1;181
181;2;0;181
181;3;0;181
181;4;0;181
182;1;1;182
182;2;0;182
182;3;0;182
182;4;0;182
183;1;1;183
183;2;0;183
183;3;0;183
183;4;0;183
184;1;1;184
184;2;0;184
184;3;0;184
184;4;0;184
185;1;1;185
185;2;0;185
185;3;0;185
185;4;0;185
186;1;1;186
186;2;0;186
186;3;0;186
186;4;0;186
187;1;1;187
187;2;0;187
187;3;0;187
187;4;0;187
188;1;1;188
188;2;0;188
188;3;0;188
188;4;0;188
189;1;1;189
189;2;0;189
189;3;0;189
189;4;0;189
190;1;1;190
190;2;0;190
190;3;0;190
190;4;0;190
191;1;1;191
191;2;0;191
191;3;0;191
191;4;0;191
192;1;1;192
192;2;0;192
192;3;0;192
192;4;0;192
193;1;1;193
193;2;0;193
193;3;0;193
193;4;0;193
194;1;1;194
194;2;0;194
194;3;0;194
194;4;0;194
195;1;1;195
195;2;0;195
195;3;0;195
195;4;0;195
196;1;1;196
196;2;0;196
196;3;0;196
196;4;0;196
197;1;1;197
197;2;0;197
197;3;0;197
197;4;0;197
198;1;1;198
198;2;0;198
198;3;0;198
198;4;0;198
199;1;1;199
199;2;0;199
199;3;0;199
199;4;0;199
200;1;1;200
200;2;0;200
200;3;0;200
200;4;0;200
201;1;1;201
201;2;0;201
201;3;0;201
201;4;0;201
202;1;1;202
202;2;0;202
202;3;0;202
202;4;0;202
203;1;1;203
203;2;0;203
203;3;0;203
203;4;0;203
204;1;1;204
204;2;0;204
204;3;0;204
204;4;0;204
205;1;1;205
205;2;0;205
205;3;0;205
205;4;0;205
206;1;1;206
206;2;0;206
206;3;0;206
206;4;0;206
207;1;1;207
207;2;0;207
207;3;0;207
207;4;0;207
208;1;1;208
208;2;0;208
208;3;0;208
208;4;0;208
209;1;1;209
209;2;0;209
209;3;0;209
209;4;0;209
210;1;1;210
210;2;0;210
210;3;0;210
210;4;0;210
211;1;1;211
211;2;0;211
211;3;0;211
211;4;0;211
212;1;1;212
212;2;0;212
212;3;0;212
212;4;0;212
213;1;1;213
213;2;0;213
213;3;0;213
213;4;0;213
214;1;1;214
214;2;0;214
214;3;0;214
214;4;0;214
215;1;1;215
215;2;0;215
215;3;0;215
215;4;0;215
216;1;1;216
216;2;0;216
216;3;0;216
216;4;0;216
217;1;1;217
217;2;0;217
217;3;0;217
217;4;0;217
218;1;1;218
218;2;0;218
218;3;0;218
218;4;0;218
219;1;1;219
219;2;0;219
219;3;0;219
219;4;0;219
220;1;1;220
220;2;0;220
220;3;0;220
220;4;0;220
221;1;1;221
221;2;0;221
221;3;0;221
221;4;0;221
222;1;1;222
222;2;0;222
222;3;0;222
222;4;0;222
223;1;1;223
223;2;0;223
223;3;0;223
223;4;0;223
224;1;1;224
224;2;0;224
224;3;0;224
224;4;0;224
225;1;1;225
225;2;0;225
225;3;0;225
225;4;0;225
226;1;1;226
226;2;0;226
226;3;0;226
226;4;0;226
227;1;1;227
227;2;0;227
227;3;0;227
227;4;0;227
228;1;1;228
228;2;0;228
228;3;0;228
228;4;0;228
229;1;1;229
229;2;0;229
229;3;0;229
229;4;0;229
230;1;1;230
230;2;0;230
230;3;0;230
230;4;0;230
231;1;1;231
231;2;0;231
231;3;0;231
231;4;0;231
232;1;1;232
232;2;0;232
232;3;0;232
232;4;0;232
233;1;1;233
233;2;0;233
233;3;0;233
233;4;0;233
234;1;1;234
234;2;0;234
234;3;0;234
234;4;0;234
235;1;1;235
235;2;0;235
235;3;0;235
235;4;0;235
236;1;1;236
236;2;0;236
236;3;0;236
236;4;0;236
237;1;1;237
237;2;0;237
237;3;0;237
237;4;0;237
238;1;1;238
238;2;0;238
238;3;0;238
238;4;0;238
239;1;1;239
239;2;0;239
239;3;0;239
239;4;0;239
240;1;1;240
240;2;0;240
240;3;0;240
240;4;0;240
241;1;1;241
241;2;0;241
241;3;0;241
241;4;0;241
242;1;1;242
242;2;0;242
242;3;0;242
242;4;0;242
243;1;1;243
243;2;0;243
243;3;0;243
243;4;0;243
244;1;1;244
244;2;0;244
244;3;0;244
244;4;0;244
245;1;1;245
245;2;0;245
245;3;0;245
245;4;0;245
246;1;1;246
246;2;0;246
246;3;0;246
246;4;0;246
247;1;1;247
247;2;0;247
247;3;0;247
247;4;0;247
248;1;1;248
248;2;0;248
248;3;0;248
248;4;0;248
249;1;1;249
249;2;0;249
249;3;0;249
249;4;0;249
250;1;1;250
250;2;0;250
250;3;0;250
250;4;0;250
251;1;0;251
251;2;1;251
251;3;0;251
251;4;0;251
252;1;0;252
252;2;1;252
252;3;0;252
252;4;0;252
253;1;0;253
253;2;1;253
253;3;0;253
253;4;0;253
254;1;0;254
254;2;1;254
254;3;0;254
254;4;0;254
255;1;0;255
255;2;1;255
255;3;0;255
255;4;0;255
256;1;0;256
256;2;1;256
256;3;0;256
256;4;0;256
257;1;0;257
257;2;1;257
257;3;0;257
257;4;0;257
258;1;0;258
258;2;1;258
258;3;0;258
258;4;0;258
259;1;0;259
259;2;1;259
259;3;0;259
259;4;0;259
260;1;0;260
260;2;1;260
260;3;0;260
260;4;0;260
261;1;0;261
261;2;1;261
261;3;0;261
261;4;0;261
262;1;0;262
262;2;1;262
262;3;0;262
262;4;0;262
263;1;0;263
263;2;1;263
263;3;0;263
263;4;0;263
264;1;0;264
264;2;1;264
264;3;0;264
264;4;0;264
265;1;0;265
265;2;1;265
265;3;0;265
265;4;0;265
266;1;0;266
266;2;1;266
266;3;0;266
266;4;0;266
267;1;0;267
267;2;1;267
267;3;0;267
267;4;0;267
268;1;0;268
268;2;1;268
268;3;0;268
268;4;0;268
269;1;0;269
269;2;1;269
269;3;0;269
269;4;0;269
270;1;0;270
270;2;1;270
270;3;0;270
270;4;0;270
271;1;0;271
271;2;1;271
271;3;0;271
271;4;0;271
272;1;0;272
272;2;1;272
272;3;0;272
272;4;0;272
273;1;0;273
273;2;1;273
273;3;0;273
273;4;0;273
274;1;0;274
274;2;1;274
274;3;0;274
274;4;0;274
275;1;0;275
275;2;1;275
275;3;0;275
275;4;0;275
276;1;0;276
276;2;1;276
276;3;0;276
276;4;0;276
277;1;0;277
277;2;1;277
277;3;0;277
277;4;0;277
278;1;0;278
278;2;1;278
278;3;0;278
278;4;0;278
279;1;0;279
279;2;1;279
279;3;0;279
279;4;0;279
280;1;0;280
280;2;1;280
280;3;0;280
280;4;0;280
281;1;0;281
281;2;1;281
281;3;0;281
281;4;0;281
282;1;0;282
282;2;1;282
282;3;0;282
282;4;0;282
283;1;0;283
283;2;1;283
283;3;0;283
283;4;0;283
284;1;0;284
284;2;1;284
284;3;0;284
284;4;0;284
285;1;0;285
285;2;1;285
285;3;0;285
285;4;0;285
286;1;0;286
286;2;1;286
286;3;0;286
286;4;0;286
287;1;0;287
287;2;1;287
287;3;0;287
287;4;0;287
288;1;0;288
288;2;1;288
288;3;0;288
288;4;0;288
289;1;0;289
289;2;1;289
289;3;0;289
289;4;0;289
290;1;0;290
290;2;1;290
290;3;0;290
290;4;0;290
291;1;0;291
291;2;1;291
291;3;0;291
291;4;0;291
292;1;0;292
292;2;1;292
292;3;0;292
292;4;0;292
293;1;0;293
293;2;1;293
293;3;0;293
293;4;0;293
294;1;0;294
294;2;1;294
294;3;0;294
294;4;0;294
295;1;0;295
295;2;1;295
295;3;0;295
295;4;0;295
296;1;0;296
296;2;1;296
296;3;0;296
296;4;0;296
297;1;0;297
297;2;1;297
297;3;0;297
297;4;0;297
298;1;0;298
298;2;1;298
298;3;0;298
298;4;0;298
299;1;0;299
299;2;1;299
299;3;0;299
299;4;0;299
300;1;0;300
300;2;1;300
300;3;0;300
300;4;0;300
301;1;0;301
301;2;1;301
301;3;0;301
301;4;0;301
302;1;0;302
302;2;1;302
302;3;0;302
302;4;0;302
303;1;0;303
303;2;1;303
303;3;0;303
303;4;0;303
304;1;0;304
304;2;1;304
304;3;0;304
304;4;0;304
305;1;0;305
305;2;1;305
305;3;0;305
305;4;0;305
306;1;0;306
306;2;1;306
306;3;0;306
306;4;0;306
307;1;0;307
307;2;1;307
307;3;0;307
307;4;0;307
308;1;0;308
308;2;1;308
308;3;0;308
308;4;0;308
309;1;0;309
309;2;1;309
309;3;0;309
309;4;0;309
310;1;0;310
310;2;1;310
310;3;0;310
310;4;0;310
311;1;0;311
311;2;1;311
311;3;0;311
311;4;0;311
312;1;0;312
312;2;1;312
312;3;0;312
312;4;0;312
313;1;0;313
313;2;1;313
313;3;0;313
313;4;0;313
314;1;0;314
314;2;1;314
314;3;0;314
314;4;0;314
315;1;0;315
315;2;1;315
315;3;0;315
315;4;0;315
316;1;0;316
316;2;1;316
316;3;0;316
316;4;0;316
317;1;0;317
317;2;1;317
317;3;0;317
317;4;0;317
318;1;0;318
318;2;1;318
318;3;0;318
318;4;0;318
319;1;0;319
319;2;1;319
319;3;0;319
319;4;0;319
320;1;0;320
320;2;1;320
320;3;0;320
320;4;0;320
321;1;0;321
321;2;1;321
321;3;0;321
321;4;0;321
322;1;0;322
322;2;1;322
322;3;0;322
322;4;0;322
323;1;0;323
323;2;1;323
323;3;0;323
323;4;0;323
324;1;0;324
324;2;1;324
324;3;0;324
324;4;0;324
325;1;0;325
325;2;1;325
325;3;0;325
325;4;0;325
326;1;0;326
326;2;1;326
326;3;0;326
326;4;0;326
327;1;0;327
327;2;1;327
327;3;0;327
327;4;0;327
328;1;0;328
328;2;1;328
328;3;0;328
328;4;0;328
329;1;0;329
329;2;1;329
329;3;0;329
329;4;0;329
330;1;0;330
330;2;1;330
330;3;0;330
330;4;0;330
331;1;0;331
331;2;1;331
331;3;0;331
331;4;0;331
332;1;0;332
332;2;1;332
332;3;0;332
332;4;0;332
333;1;0;333
333;2;1;333
333;3;0;333
333;4;0;333
334;1;0;334
334;2;1;334
334;3;0;334
334;4;0;334
335;1;0;335
335;2;1;335
335;3;0;335
335;4;0;335
336;1;0;336
336;2;1;336
336;3;0;336
336;4;0;336
337;1;0;337
337;2;1;337
337;3;0;337
337;4;0;337
338;1;0;338
338;2;1;338
338;3;0;338
338;4;0;338
339;1;0;339
339;2;1;339
339;3;0;339
339;4;0;339
340;1;0;340
340;2;1;340
340;3;0;340
340;4;0;340
341;1;0;341
341;2;1;341
341;3;0;341
341;4;0;341
342;1;0;342
342;2;1;342
342;3;0;342
342;4;0;342
343;1;0;343
343;2;1;343
343;3;0;343
343;4;0;343
344;1;0;344
344;2;1;344
344;3;0;344
344;4;0;344
345;1;0;345
345;2;1;345
345;3;0;345
345;4;0;345
346;1;0;346
346;2;1;346
346;3;0;346
346;4;0;346
347;1;0;347
347;2;1;347
347;3;0;347
347;4;0;347
348;1;0;348
348;2;1;348
348;3;0;348
348;4;0;348
349;1;0;349
349;2;1;349
349;3;0;349
349;4;0;349
350;1;0;350
350;2;1;350
350;3;0;350
350;4;0;350
351;1;0;351
351;2;1;351
351;3;0;351
351;4;0;351
352;1;0;352
352;2;1;352
352;3;0;352
352;4;0;352
353;1;0;353
353;2;1;353
353;3;0;353
353;4;0;353
354;1;0;354
354;2;1;354
354;3;0;354
354;4;0;354
355;1;0;355
355;2;1;355
355;3;0;355
355;4;0;355
356;1;0;356
356;2;1;356
356;3;0;356
356;4;0;356
357;1;0;357
357;2;1;357
357;3;0;357
357;4;0;357
358;1;0;358
358;2;1;358
358;3;0;358
358;4;0;358
359;1;0;359
359;2;1;359
359;3;0;359
359;4;0;359
360;1;0;360
360;2;1;360
360;3;0;360
360;4;0;360
361;1;0;361
361;2;1;361
361;3;0;361
361;4;0;361
362;1;0;362
362;2;1;362
362;3;0;362
362;4;0;362
363;1;0;363
363;2;1;363
363;3;0;363
363;4;0;363
364;1;0;364
364;2;1;364
364;3;0;364
364;4;0;364
365;1;0;365
365;2;1;365
365;3;0;365
365;4;0;365
366;1;0;366
366;2;1;366
366;3;0;366
366;4;0;366
367;1;0;367
367;2;1;367
367;3;0;367
367;4;0;367
368;1;0;368
368;2;1;368
368;3;0;368
368;4;0;368
369;1;0;369
369;2;1;369
369;3;0;369
369;4;0;369
370;1;0;370
370;2;1;370
370;3;0;370
370;4;0;370
371;1;0;371
371;2;1;371
371;3;0;371
371;4;0;371
372;1;0;372
372;2;1;372
372;3;0;372
372;4;0;372
373;1;0;373
373;2;1;373
373;3;0;373
373;4;0;373
374;1;0;374
374;2;1;374
374;3;0;374
374;4;0;374
375;1;0;375
375;2;1;375
375;3;0;375
375;4;0;375
376;1;0;376
376;2;1;376
376;3;0;376
376;4;0;376
377;1;0;377
377;2;1;377
377;3;0;377
377;4;0;377
378;1;0;378
378;2;1;378
378;3;0;378
378;4;0;378
379;1;0;379
379;2;1;379
379;3;0;379
379;4;0;379
380;1;0;380
380;2;1;380
380;3;0;380
380;4;0;380
381;1;0;381
381;2;1;381
381;3;0;381
381;4;0;381
382;1;0;382
382;2;1;382
382;3;0;382
382;4;0;382
383;1;0;383
383;2;1;383
383;3;0;383
383;4;0;383
384;1;0;384
384;2;1;384
384;3;0;384
384;4;0;384
385;1;0;385
385;2;1;385
385;3;0;385
385;4;0;385
386;1;0;386
386;2;1;386
386;3;0;386
386;4;0;386
387;1;0;387
387;2;1;387
387;3;0;387
387;4;0;387
388;1;0;388
388;2;1;388
388;3;0;388
388;4;0;388
389;1;0;389
389;2;1;389
389;3;0;389
389;4;0;389
390;1;0;390
390;2;1;390
390;3;0;390
390;4;0;390
391;1;0;391
391;2;1;391
391;3;0;391
391;4;0;391
392;1;0;392
392;2;1;392
392;3;0;392
392;4;0;392
393;1;0;393
393;2;1;393
393;3;0;393
393;4;0;393
394;1;0;394
394;2;1;394
394;3;0;394
394;4;0;394
395;1;0;395
395;2;1;395
395;3;0;395
395;4;0;395
396;1;0;396
396;2;1;396
396;3;0;396
396;4;0;396
397;1;0;397
397;2;1;397
397;3;0;397
397;4;0;397
398;1;0;398
398;2;1;398
398;3;0;398
398;4;0;398
399;1;0;399
399;2;1;399
399;3;0;399
399;4;0;399
400;1;0;400
400;2;1;400
400;3;0;400
400;4;0;400
401;1;0;401
401;2;1;401
401;3;0;401
401;4;0;401
402;1;0;402
402;2;1;402
402;3;0;402
402;4;0;402
403;1;0;403
403;2;1;403
403;3;0;403
403;4;0;403
404;1;0;404
404;2;1;404
404;3;0;404
404;4;0;404
405;1;0;405
405;2;1;405
405;3;0;405
405;4;0;405
406;1;0;406
406;2;1;406
406;3;0;406
406;4;0;406
407;1;0;407
407;2;1;407
407;3;0;407
407;4;0;407
408;1;0;408
408;2;1;408
408;3;0;408
408;4;0;408
409;1;0;409
409;2;1;409
409;3;0;409
409;4;0;409
410;1;0;410
410;2;1;410
410;3;0;410
410;4;0;410
411;1;0;411
411;2;1;411
411;3;0;411
411;4;0;411
412;1;0;412
412;2;1;412
412;3;0;412
412;4;0;412
413;1;0;413
413;2;1;413
413;3;0;413
413;4;0;413
414;1;0;414
414;2;1;414
414;3;0;414
414;4;0;414
415;1;0;415
415;2;1;415
415;3;0;415
415;4;0;415
416;1;0;416
416;2;1;416
416;3;0;416
416;4;0;416
417;1;0;417
417;2;1;417
417;3;0;417
417;4;0;417
418;1;0;418
418;2;1;418
418;3;0;418
418;4;0;418
419;1;0;419
419;2;1;419
419;3;0;419
419;4;0;419
420;1;0;420
420;2;1;420
420;3;0;420
420;4;0;420
421;1;0;421
421;2;1;421
421;3;0;421
421;4;0;421
422;1;0;422
422;2;1;422
422;3;0;422
422;4;0;422
423;1;0;423
423;2;1;423
423;3;0;423
423;4;0;423
424;1;0;424
424;2;1;424
424;3;0;424
424;4;0;424
425;1;0;425
425;2;1;425
425;3;0;425
425;4;0;425
426;1;0;426
426;2;1;426
426;3;0;426
426;4;0;426
427;1;0;427
427;2;1;427
427;3;0;427
427;4;0;427
428;1;0;428
428;2;1;428
428;3;0;428
428;4;0;428
429;1;0;429
429;2;1;429
429;3;0;429
429;4;0;429
430;1;0;430
430;2;1;430
430;3;0;430
430;4;0;430
431;1;0;431
431;2;1;431
431;3;0;431
431;4;0;431
432;1;0;432
432;2;1;432
432;3;0;432
432;4;0;432
433;1;0;433
433;2;1;433
433;3;0;433
433;4;0;433
434;1;0;434
434;2;1;434
434;3;0;434
434;4;0;434
435;1;0;435
435;2;1;435
435;3;0;435
435;4;0;435
436;1;0;436
436;2;1;436
436;3;0;436
436;4;0;436
437;1;0;437
437;2;1;437
437;3;0;437
437;4;0;437
438;1;0;438
438;2;1;438
438;3;0;438
438;4;0;438
439;1;0;439
439;2;1;439
439;3;0;439
439;4;0;439
440;1;0;440
440;2;1;440
440;3;0;440
440;4;0;440
441;1;0;441
441;2;1;441
441;3;0;441
441;4;0;441
442;1;0;442
442;2;1;442
442;3;0;442
442;4;0;442
443;1;0;443
443;2;1;443
443;3;0;443
443;4;0;443
444;1;0;444
444;2;1;444
444;3;0;444
444;4;0;444
445;1;0;445
445;2;1;445
445;3;0;445
445;4;0;445
446;1;0;446
446;2;1;446
446;3;0;446
446;4;0;446
447;1;0;447
447;2;1;447
447;3;0;447
447;4;0;447
448;1;0;448
448;2;1;448
448;3;0;448
448;4;0;448
449;1;0;449
449;2;1;449
449;3;0;449
449;4;0;449
450;1;0;450
450;2;1;450
450;3;0;450
450;4;0;450
451;1;0;451
451;2;1;451
451;3;0;451
451;4;0;451
452;1;0;452
452;2;1;452
452;3;0;452
452;4;0;452
453;1;0;453
453;2;1;453
453;3;0;453
453;4;0;453
454;1;0;454
454;2;1;454
454;3;0;454
454;4;0;454
455;1;0;455
455;2;1;455
455;3;0;455
455;4;0;455
456;1;0;456
456;2;1;456
456;3;0;456
456;4;0;456
457;1;0;457
457;2;1;457
457;3;0;457
457;4;0;457
458;1;0;458
458;2;1;458
458;3;0;458
458;4;0;458
459;1;0;459
459;2;1;459
459;3;0;459
459;4;0;459
460;1;0;460
460;2;1;460
460;3;0;460
460;4;0;460
461;1;0;461
461;2;1;461
461;3;0;461
461;4;0;461
462;1;0;462
462;2;1;462
462;3;0;462
462;4;0;462
463;1;0;463
463;2;1;463
463;3;0;463
463;4;0;463
464;1;0;464
464;2;1;464
464;3;0;464
464;4;0;464
465;1;0;465
465;2;1;465
465;3;0;465
465;4;0;465
466;1;0;466
466;2;1;466
466;3;0;466
466;4;0;466
467;1;0;467
467;2;1;467
467;3;0;467
467;4;0;467
468;1;0;468
468;2;1;468
468;3;0;468
468;4;0;468
469;1;0;469
469;2;1;469
469;3;0;469
469;4;0;469
470;1;0;470
470;2;1;470
470;3;0;470
470;4;0;470
471;1;0;471
471;2;1;471
471;3;0;471
471;4;0;471
472;1;0;472
472;2;1;472
472;3;0;472
472;4;0;472
473;1;0;473
473;2;1;473
473;3;0;473
473;4;0;473
474;1;0;474
474;2;1;474
474;3;0;474
474;4;0;474
475;1;0;475
475;2;1;475
475;3;0;475
475;4;0;475
476;1;0;476
476;2;1;476
476;3;0;476
476;4;0;476
477;1;0;477
477;2;1;477
477;3;0;477
477;4;0;477
478;1;0;478
478;2;1;478
478;3;0;478
478;4;0;478
479;1;0;479
479;2;1;479
479;3;0;479
479;4;0;479
480;1;0;480
480;2;1;480
480;3;0;480
480;4;0;480
481;1;0;481
481;2;1;481
481;3;0;481
481;4;0;481
482;1;0;482
482;2;1;482
482;3;0;482
482;4;0;482
483;1;0;483
483;2;1;483
483;3;0;483
483;4;0;483
484;1;0;484
484;2;1;484
484;3;0;484
484;4;0;484
485;1;0;485
485;2;1;485
485;3;0;485
485;4;0;485
486;1;0;486
486;2;1;486
486;3;0;486
486;4;0;486
487;1;0;487
487;2;1;487
487;3;0;487
487;4;0;487
488;1;0;488
488;2;1;488
488;3;0;488
488;4;0;488
489;1;0;489
489;2;1;489
489;3;0;489
489;4;0;489
490;1;0;490
490;2;1;490
490;3;0;490
490;4;0;490
491;1;0;491
491;2;1;491
491;3;0;491
491;4;0;491
492;1;0;492
492;2;1;492
492;3;0;492
492;4;0;492
493;1;0;493
493;2;1;493
493;3;0;493
493;4;0;493
494;1;0;494
494;2;1;494
494;3;0;494
494;4;0;494
495;1;0;495
495;2;1;495
495;3;0;495
495;4;0;495
496;1;0;496
496;2;1;496
496;3;0;496
496;4;0;496
497;1;0;497
497;2;1;497
497;3;0;497
497;4;0;497
498;1;0;498
498;2;1;498
498;3;0;498
498;4;0;498
499;1;0;499
499;2;1;499
499;3;0;499
499;4;0;499
500;1;0;500
500;2;1;500
500;3;0;500
500;4;0;500
501;1;0;501
501;2;0;501
501;3;1;501
501;4;0;501
502;1;0;502
502;2;0;502
502;3;1;502
502;4;0;502
503;1;0;503
503;2;0;503
503;3;1;503
503;4;0;503
504;1;0;504
504;2;0;504
504;3;1;504
504;4;0;504
505;1;0;505
505;2;0;505
505;3;1;505
505;4;0;505
506;1;0;506
506;2;0;506
506;3;1;506
506;4;0;506
507;1;0;507
507;2;0;507
507;3;1;507
507;4;0;507
508;1;0;508
508;2;0;508
508;3;1;508
508;4;0;508
509;1;0;509
509;2;0;509
509;3;1;509
509;4;0;509
510;1;0;510
510;2;0;510
510;3;1;510
510;4;0;510
511;1;0;511
511;2;0;511
511;3;1;511
511;4;0;511
512;1;0;512
512;2;0;512
512;3;1;512
512;4;0;512
513;1;0;513
513;2;0;513
513;3;1;513
513;4;0;513
514;1;0;514
514;2;0;514
514;3;1;514
514;4;0;514
515;1;0;515
515;2;0;515
515;3;1;515
515;4;0;515
516;1;0;516
516;2;0;516
516;3;1;516
516;4;0;516
517;1;0;517
517;2;0;517
517;3;1;517
517;4;0;517
518;1;0;518
518;2;0;518
518;3;1;518
518;4;0;518
519;1;0;519
519;2;0;519
519;3;1;519
519;4;0;519
520;1;0;520
520;2;0;520
520;3;1;520
520;4;0;520
521;1;0;521
521;2;0;521
521;3;1;521
521;4;0;521
522;1;0;522
522;2;0;522
522;3;1;522
522;4;0;522
523;1;0;523
523;2;0;523
523;3;1;523
523;4;0;523
524;1;0;524
524;2;0;524
524;3;1;524
524;4;0;524
525;1;0;525
525;2;0;525
525;3;1;525
525;4;0;525
526;1;0;526
526;2;0;526
526;3;1;526
526;4;0;526
527;1;0;527
527;2;0;527
527;3;1;527
527;4;0;527
528;1;0;528
528;2;0;528
528;3;1;528
528;4;0;528
529;1;0;529
529;2;0;529
529;3;1;529
529;4;0;529
530;1;0;530
530;2;0;530
530;3;1;530
530;4;0;530
531;1;0;531
531;2;0;531
531;3;1;531
531;4;0;531
532;1;0;532
532;2;0;532
532;3;1;532
532;4;0;532
533;1;0;533
533;2;0;533
533;3;1;533
533;4;0;533
534;1;0;534
534;2;0;534
534;3;1;534
534;4;0;534
535;1;0;535
535;2;0;535
535;3;1;535
535;4;0;535
536;1;0;536
536;2;0;536
536;3;1;536
536;4;0;536
537;1;0;537
537;2;0;537
537;3;1;537
537;4;0;537
538;1;0;538
538;2;0;538
538;3;1;538
538;4;0;538
539;1;0;539
539;2;0;539
539;3;1;539
539;4;0;539
540;1;0;540
540;2;0;540
540;3;1;540
540;4;0;540
541;1;0;541
541;2;0;541
541;3;1;541
541;4;0;541
542;1;0;542
542;2;0;542
542;3;1;542
542;4;0;542
543;1;0;543
543;2;0;543
543;3;1;543
543;4;0;543
544;1;0;544
544;2;0;544
544;3;1;544
544;4;0;544
545;1;0;545
545;2;0;545
545;3;1;545
545;4;0;545
546;1;0;546
546;2;0;546
546;3;1;546
546;4;0;546
547;1;0;547
547;2;0;547
547;3;1;547
547;4;0;547
548;1;0;548
548;2;0;548
548;3;1;548
548;4;0;548
549;1;0;549
549;2;0;549
549;3;1;549
549;4;0;549
550;1;0;550
550;2;0;550
550;3;1;550
550;4;0;550
551;1;0;551
551;2;0;551
551;3;1;551
551;4;0;551
552;1;0;552
552;2;0;552
552;3;1;552
552;4;0;552
553;1;0;553
553;2;0;553
553;3;1;553
553;4;0;553
554;1;0;554
554;2;0;554
554;3;1;554
554;4;0;554
555;1;0;555
555;2;0;555
555;3;1;555
555;4;0;555
556;1;0;556
556;2;0;556
556;3;1;556
556;4;0;556
557;1;0;557
557;2;0;557
557;3;1;557
557;4;0;557
558;1;0;558
558;2;0;558
558;3;1;558
558;4;0;558
559;1;0;559
559;2;0;559
559;3;1;559
559;4;0;559
560;1;0;560
560;2;0;560
560;3;1;560
560;4;0;560
561;1;0;561
561;2;0;561
561;3;1;561
561;4;0;561
562;1;0;562
562;2;0;562
562;3;1;562
562;4;0;562
563;1;0;563
563;2;0;563
563;3;1;563
563;4;0;563
564;1;0;564
564;2;0;564
564;3;1;564
564;4;0;564
565;1;0;565
565;2;0;565
565;3;1;565
565;4;0;565
566;1;0;566
566;2;0;566
566;3;1;566
566;4;0;566
567;1;0;567
567;2;0;567
567;3;1;567
567;4;0;567
568;1;0;568
568;2;0;568
568;3;1;568
568;4;0;568
569;1;0;569
569;2;0;569
569;3;1;569
569;4;0;569
570;1;0;570
570;2;0;570
570;3;1;570
570;4;0;570
571;1;0;571
571;2;0;571
571;3;1;571
571;4;0;571
572;1;0;572
572;2;0;572
572;3;1;572
572;4;0;572
573;1;0;573
573;2;0;573
573;3;1;573
573;4;0;573
574;1;0;574
574;2;0;574
574;3;1;574
574;4;0;574
575;1;0;575
575;2;0;575
575;3;1;575
575;4;0;575
576;1;0;576
576;2;0;576
576;3;1;576
576;4;0;576
577;1;0;577
577;2;0;577
577;3;1;577
577;4;0;577
578;1;0;578
578;2;0;578
578;3;1;578
578;4;0;578
579;1;0;579
579;2;0;579
579;3;1;579
579;4;0;579
580;1;0;580
580;2;0;580
580;3;1;580
580;4;0;580
581;1;0;581
581;2;0;581
581;3;1;581
581;4;0;581
582;1;0;582
582;2;0;582
582;3;1;582
582;4;0;582
583;1;0;583
583;2;0;583
583;3;1;583
583;4;0;583
584;1;0;584
584;2;0;584
584;3;1;584
584;4;0;584
585;1;0;585
585;2;0;585
585;3;1;585
585;4;0;585
586;1;0;586
586;2;0;586
586;3;1;586
586;4;0;586
587;1;0;587
587;2;0;587
587;3;1;587
587;4;0;587
588;1;0;588
588;2;0;588
588;3;1;588
588;4;0;588
589;1;0;589
589;2;0;589
589;3;1;589
589;4;0;589
590;1;0;590
590;2;0;590
590;3;1;590
590;4;0;590
591;1;0;591
591;2;0;591
591;3;1;591
591;4;0;591
592;1;0;592
592;2;0;592
592;3;1;592
592;4;0;592
593;1;0;593
593;2;0;593
593;3;1;593
593;4;0;593
594;1;0;594
594;2;0;594
594;3;1;594
594;4;0;594
595;1;0;595
595;2;0;595
595;3;1;595
595;4;0;595
596;1;0;596
596;2;0;596
596;3;1;596
596;4;0;596
597;1;0;597
597;2;0;597
597;3;1;597
597;4;0;597
598;1;0;598
598;2;0;598
598;3;1;598
598;4;0;598
599;1;0;599
599;2;0;599
599;3;1;599
599;4;0;599
600;1;0;600
600;2;0;600
600;3;1;600
600;4;0;600
601;1;0;601
601;2;0;601
601;3;1;601
601;4;0;601
602;1;0;602
602;2;0;602
602;3;1;602
602;4;0;602
603;1;0;603
603;2;0;603
603;3;1;603
603;4;0;603
604;1;0;604
604;2;0;604
604;3;1;604
604;4;0;604
605;1;0;605
605;2;0;605
605;3;1;605
605;4;0;605
606;1;0;606
606;2;0;606
606;3;1;606
606;4;0;606
607;1;0;607
607;2;0;607
607;3;1;607
607;4;0;607
608;1;0;608
608;2;0;608
608;3;1;608
608;4;0;608
609;1;0;609
609;2;0;609
609;3;1;609
609;4;0;609
610;1;0;610
610;2;0;610
610;3;1;610
610;4;0;610
611;1;0;611
611;2;0;611
611;3;1;611
611;4;0;611
612;1;0;612
612;2;0;612
612;3;1;612
612;4;0;612
613;1;0;613
613;2;0;613
613;3;1;613
613;4;0;613
614;1;0;614
614;2;0;614
614;3;1;614
614;4;0;614
615;1;0;615
615;2;0;615
615;3;1;615
615;4;0;615
616;1;0;616
616;2;0;616
616;3;1;616
616;4;0;616
617;1;0;617
617;2;0;617
617;3;1;617
617;4;0;617
618;1;0;618
618;2;0;618
618;3;1;618
618;4;0;618
619;1;0;619
619;2;0;619
619;3;1;619
619;4;0;619
620;1;0;620
620;2;0;620
620;3;1;620
620;4;0;620
621;1;0;621
621;2;0;621
621;3;1;621
621;4;0;621
622;1;0;622
622;2;0;622
622;3;1;622
622;4;0;622
623;1;0;623
623;2;0;623
623;3;1;623
623;4;0;623
624;1;0;624
624;2;0;624
624;3;1;624
624;4;0;624
625;1;0;625
625;2;0;625
625;3;1;625
625;4;0;625
626;1;0;626
626;2;0;626
626;3;1;626
626;4;0;626
627;1;0;627
627;2;0;627
627;3;1;627
627;4;0;627
628;1;0;628
628;2;0;628
628;3;1;628
628;4;0;628
629;1;0;629
629;2;0;629
629;3;1;629
629;4;0;629
630;1;0;630
630;2;0;630
630;3;1;630
630;4;0;630
631;1;0;631
631;2;0;631
631;3;1;631
631;4;0;631
632;1;0;632
632;2;0;632
632;3;1;632
632;4;0;632
633;1;0;633
633;2;0;633
633;3;1;633
633;4;0;633
634;1;0;634
634;2;0;634
634;3;1;634
634;4;0;634
635;1;0;635
635;2;0;635
635;3;1;635
635;4;0;635
636;1;0;636
636;2;0;636
636;3;1;636
636;4;0;636
637;1;0;637
637;2;0;637
637;3;1;637
637;4;0;637
638;1;0;638
638;2;0;638
638;3;1;638
638;4;0;638
639;1;0;639
639;2;0;639
639;3;1;639
639;4;0;639
640;1;0;640
640;2;0;640
640;3;1;640
640;4;0;640
641;1;0;641
641;2;0;641
641;3;1;641
641;4;0;641
642;1;0;642
642;2;0;642
642;3;1;642
642;4;0;642
643;1;0;643
643;2;0;643
643;3;1;643
643;4;0;643
644;1;0;644
644;2;0;644
644;3;1;644
644;4;0;644
645;1;0;645
645;2;0;645
645;3;1;645
645;4;0;645
646;1;0;646
646;2;0;646
646;3;1;646
646;4;0;646
647;1;0;647
647;2;0;647
647;3;1;647
647;4;0;647
648;1;0;648
648;2;0;648
648;3;1;648
648;4;0;648
649;1;0;649
649;2;0;649
649;3;1;649
649;4;0;649
650;1;0;650
650;2;0;650
650;3;1;650
650;4;0;650
651;1;0;651
651;2;0;651
651;3;1;651
651;4;0;651
652;1;0;652
652;2;0;652
652;3;1;652
652;4;0;652
653;1;0;653
653;2;0;653
653;3;1;653
653;4;0;653
654;1;0;654
654;2;0;654
654;3;1;654
654;4;0;654
655;1;0;655
655;2;0;655
655;3;1;655
655;4;0;655
656;1;0;656
656;2;0;656
656;3;1;656
656;4;0;656
657;1;0;657
657;2;0;657
657;3;1;657
657;4;0;657
658;1;0;658
658;2;0;658
658;3;1;658
658;4;0;658
659;1;0;659
659;2;0;659
659;3;1;659
659;4;0;659
660;1;0;660
660;2;0;660
660;3;1;660
660;4;0;660
661;1;0;661
661;2;0;661
661;3;1;661
661;4;0;661
662;1;0;662
662;2;0;662
662;3;1;662
662;4;0;662
663;1;0;663
663;2;0;663
663;3;1;663
663;4;0;663
664;1;0;664
664;2;0;664
664;3;1;664
664;4;0;664
665;1;0;665
665;2;0;665
665;3;1;665
665;4;0;665
666;1;0;666
666;2;0;666
666;3;1;666
666;4;0;666
667;1;0;667
667;2;0;667
667;3;1;667
667;4;0;667
668;1;0;668
668;2;0;668
668;3;1;668
668;4;0;668
669;1;0;669
669;2;0;669
669;3;1;669
669;4;0;669
670;1;0;670
670;2;0;670
670;3;1;670
670;4;0;670
671;1;0;671
671;2;0;671
671;3;1;671
671;4;0;671
672;1;0;672
672;2;0;672
672;3;1;672
672;4;0;672
673;1;0;673
673;2;0;673
673;3;1;673
673;4;0;673
674;1;0;674
674;2;0;674
674;3;1;674
674;4;0;674
675;1;0;675
675;2;0;675
675;3;1;675
675;4;0;675
676;1;0;676
676;2;0;676
676;3;1;676
676;4;0;676
677;1;0;677
677;2;0;677
677;3;1;677
677;4;0;677
678;1;0;678
678;2;0;678
678;3;1;678
678;4;0;678
679;1;0;679
679;2;0;679
679;3;1;679
679;4;0;679
680;1;0;680
680;2;0;680
680;3;1;680
680;4;0;680
681;1;0;681
681;2;0;681
681;3;1;681
681;4;0;681
682;1;0;682
682;2;0;682
682;3;1;682
682;4;0;682
683;1;0;683
683;2;0;683
683;3;1;683
683;4;0;683
684;1;0;684
684;2;0;684
684;3;1;684
684;4;0;684
685;1;0;685
685;2;0;685
685;3;1;685
685;4;0;685
686;1;0;686
686;2;0;686
686;3;1;686
686;4;0;686
687;1;0;687
687;2;0;687
687;3;1;687
687;4;0;687
688;1;0;688
688;2;0;688
688;3;1;688
688;4;0;688
689;1;0;689
689;2;0;689
689;3;1;689
689;4;0;689
690;1;0;690
690;2;0;690
690;3;1;690
690;4;0;690
691;1;0;691
691;2;0;691
691;3;1;691
691;4;0;691
692;1;0;692
692;2;0;692
692;3;1;692
692;4;0;692
693;1;0;693
693;2;0;693
693;3;1;693
693;4;0;693
694;1;0;694
694;2;0;694
694;3;1;694
694;4;0;694
695;1;0;695
695;2;0;695
695;3;1;695
695;4;0;695
696;1;0;696
696;2;0;696
696;3;1;696
696;4;0;696
697;1;0;697
697;2;0;697
697;3;1;697
697;4;0;697
698;1;0;698
698;2;0;698
698;3;1;698
698;4;0;698
699;1;0;699
699;2;0;699
699;3;1;699
699;4;0;699
700;1;0;700
700;2;0;700
700;3;1;700
700;4;0;700
701;1;0;701
701;2;0;701
701;3;1;701
701;4;0;701
702;1;0;702
702;2;0;702
702;3;1;702
702;4;0;702
703;1;0;703
703;2;0;703
703;3;1;703
703;4;0;703
704;1;0;704
704;2;0;704
704;3;1;704
704;4;0;704
705;1;0;705
705;2;0;705
705;3;1;705
705;4;0;705
706;1;0;706
706;2;0;706
706;3;1;706
706;4;0;706
707;1;0;707
707;2;0;707
707;3;1;707
707;4;0;707
708;1;0;708
708;2;0;708
708;3;1;708
708;4;0;708
709;1;0;709
709;2;0;709
709;3;1;709
709;4;0;709
710;1;0;710
710;2;0;710
710;3;1;710
710;4;0;710
711;1;0;711
711;2;0;711
711;3;1;711
711;4;0;711
712;1;0;712
712;2;0;712
712;3;1;712
712;4;0;712
713;1;0;713
713;2;0;713
713;3;1;713
713;4;0;713
714;1;0;714
714;2;0;714
714;3;1;714
714;4;0;714
715;1;0;715
715;2;0;715
715;3;1;715
715;4;0;715
716;1;0;716
716;2;0;716
716;3;1;716
716;4;0;716
717;1;0;717
717;2;0;717
717;3;1;717
717;4;0;717
718;1;0;718
718;2;0;718
718;3;1;718
718;4;0;718
719;1;0;719
719;2;0;719
719;3;1;719
719;4;0;719
720;1;0;720
720;2;0;720
720;3;1;720
720;4;0;720
721;1;0;721
721;2;0;721
721;3;1;721
721;4;0;721
722;1;0;722
722;2;0;722
722;3;1;722
722;4;0;722
723;1;0;723
723;2;0;723
723;3;1;723
723;4;0;723
724;1;0;724
724;2;0;724
724;3;1;724
724;4;0;724
725;1;0;725
725;2;0;725
725;3;1;725
725;4;0;725
726;1;0;726
726;2;0;726
726;3;1;726
726;4;0;726
727;1;0;727
727;2;0;727
727;3;1;727
727;4;0;727
728;1;0;728
728;2;0;728
728;3;1;728
728;4;0;728
729;1;0;729
729;2;0;729
729;3;1;729
729;4;0;729
730;1;0;730
730;2;0;730
730;3;1;730
730;4;0;730
731;1;0;731
731;2;0;731
731;3;1;731
731;4;0;731
732;1;0;732
732;2;0;732
732;3;1;732
732;4;0;732
733;1;0;733
733;2;0;733
733;3;1;733
733;4;0;733
734;1;0;734
734;2;0;734
734;3;1;734
734;4;0;734
735;1;0;735
735;2;0;735
735;3;1;735
735;4;0;735
736;1;0;736
736;2;0;736
736;3;1;736
736;4;0;736
737;1;0;737
737;2;0;737
737;3;1;737
737;4;0;737
738;1;0;738
738;2;0;738
738;3;1;738
738;4;0;738
739;1;0;739
739;2;0;739
739;3;1;739
739;4;0;739
740;1;0;740
740;2;0;740
740;3;1;740
740;4;0;740
741;1;0;741
741;2;0;741
741;3;1;741
741;4;0;741
742;1;0;742
742;2;0;742
742;3;1;742
742;4;0;742
743;1;0;743
743;2;0;743
743;3;1;743
743;4;0;743
744;1;0;744
744;2;0;744
744;3;1;744
744;4;0;744
745;1;0;745
745;2;0;745
745;3;1;745
745;4;0;745
746;1;0;746
746;2;0;746
746;3;1;746
746;4;0;746
747;1;0;747
747;2;0;747
747;3;1;747
747;4;0;747
748;1;0;748
748;2;0;748
748;3;1;748
748;4;0;748
749;1;0;749
749;2;0;749
749;3;1;749
749;4;0;749
750;1;0;750
750;2;0;750
750;3;1;750
750;4;0;750
751;1;0;751
751;2;0;751
751;3;0;751
751;4;1;751
752;1;0;752
752;2;0;752
752;3;0;752
752;4;1;752
753;1;0;753
753;2;0;753
753;3;0;753
753;4;1;753
754;1;0;754
754;2;0;754
754;3;0;754
754;4;1;754
755;1;0;755
755;2;0;755
755;3;0;755
755;4;1;755
756;1;0;756
756;2;0;756
756;3;0;756
756;4;1;756
757;1;0;757
757;2;0;757
757;3;0;757
757;4;1;757
758;1;0;758
758;2;0;758
758;3;0;758
758;4;1;758
759;1;0;759
759;2;0;759
759;3;0;759
759;4;1;759
760;1;0;760
760;2;0;760
760;3;0;760
760;4;1;760
761;1;0;761
761;2;0;761
761;3;0;761
761;4;1;761
762;1;0;762
762;2;0;762
762;3;0;762
762;4;1;762
763;1;0;763
763;2;0;763
763;3;0;763
763;4;1;763
764;1;0;764
764;2;0;764
764;3;0;764
764;4;1;764
765;1;0;765
765;2;0;765
765;3;0;765
765;4;1;765
766;1;0;766
766;2;0;766
766;3;0;766
766;4;1;766
767;1;0;767
767;2;0;767
767;3;0;767
767;4;1;767
768;1;0;768
768;2;0;768
768;3;0;768
768;4;1;768
769;1;0;769
769;2;0;769
769;3;0;769
769;4;1;769
770;1;0;770
770;2;0;770
770;3;0;770
770;4;1;770
771;1;0;771
771;2;0;771
771;3;0;771
771;4;1;771
772;1;0;772
772;2;0;772
772;3;0;772
772;4;1;772
773;1;0;773
773;2;0;773
773;3;0;773
773;4;1;773
774;1;0;774
774;2;0;774
774;3;0;774
774;4;1;774
775;1;0;775
775;2;0;775
775;3;0;775
775;4;1;775
776;1;0;776
776;2;0;776
776;3;0;776
776;4;1;776
777;1;0;777
777;2;0;777
777;3;0;777
777;4;1;777
778;1;0;778
778;2;0;778
778;3;0;778
778;4;1;778
779;1;0;779
779;2;0;779
779;3;0;779
779;4;1;779
780;1;0;780
780;2;0;780
780;3;0;780
780;4;1;780
781;1;0;781
781;2;0;781
781;3;0;781
781;4;1;781
782;1;0;782
782;2;0;782
782;3;0;782
782;4;1;782
783;1;0;783
783;2;0;783
783;3;0;783
783;4;1;783
784;1;0;784
784;2;0;784
784;3;0;784
784;4;1;784
785;1;0;785
785;2;0;785
785;3;0;785
785;4;1;785
786;1;0;786
786;2;0;786
786;3;0;786
786;4;1;786
787;1;0;787
787;2;0;787
787;3;0;787
787;4;1;787
788;1;0;788
788;2;0;788
788;3;0;788
788;4;1;788
789;1;0;789
789;2;0;789
789;3;0;789
789;4;1;789
790;1;0;790
790;2;0;790
790;3;0;790
790;4;1;790
791;1;0;791
791;2;0;791
791;3;0;791
791;4;1;791
792;1;0;792
792;2;0;792
792;3;0;792
792;4;1;792
793;1;0;793
793;2;0;793
793;3;0;793
793;4;1;793
794;1;0;794
794;2;0;794
794;3;0;794
794;4;1;794
795;1;0;795
795;2;0;795
795;3;0;795
795;4;1;795
796;1;0;796
796;2;0;796
796;3;0;796
796;4;1;796
797;1;0;797
797;2;0;797
797;3;0;797
797;4;1;797
798;1;0;798
798;2;0;798
798;3;0;798
798;4;1;798
799;1;0;799
799;2;0;799
799;3;0;799
799;4;1;799
800;1;0;800
800;2;0;800
800;3;0;800
800;4;1;800
801;1;0;801
801;2;0;801
801;3;0;801
801;4;1;801
802;1;0;802
802;2;0;802
802;3;0;802
802;4;1;802
803;1;0;803
803;2;0;803
803;3;0;803
803;4;1;803
804;1;0;804
804;2;0;804
804;3;0;804
804;4;1;804
805;1;0;805
805;2;0;805
805;3;0;805
805;4;1;805
806;1;0;806
806;2;0;806
806;3;0;806
806;4;1;806
807;1;0;807
807;2;0;807
807;3;0;807
807;4;1;807
808;1;0;808
808;2;0;808
808;3;0;808
808;4;1;808
809;1;0;809
809;2;0;809
809;3;0;809
809;4;1;809
810;1;0;810
810;2;0;810
810;3;0;810
810;4;1;810
811;1;0;811
811;2;0;811
811;3;0;811
811;4;1;811
812;1;0;812
812;2;0;812
812;3;0;812
812;4;1;812
813;1;0;813
813;2;0;813
813;3;0;813
813;4;1;813
814;1;0;814
814;2;0;814
814;3;0;814
814;4;1;814
815;1;0;815
815;2;0;815
815;3;0;815
815;4;1;815
816;1;0;816
816;2;0;816
816;3;0;816
816;4;1;816
817;1;0;817
817;2;0;817
817;3;0;817
817;4;1;817
818;1;0;818
818;2;0;818
818;3;0;818
818;4;1;818
819;1;0;819
819;2;0;819
819;3;0;819
819;4;1;819
820;1;0;820
820;2;0;820
820;3;0;820
820;4;1;820
821;1;0;821
821;2;0;821
821;3;0;821
821;4;1;821
822;1;0;822
822;2;0;822
822;3;0;822
822;4;1;822
823;1;0;823
823;2;0;823
823;3;0;823
823;4;1;823
824;1;0;824
824;2;0;824
824;3;0;824
824;4;1;824
825;1;0;825
825;2;0;825
825;3;0;825
825;4;1;825
826;1;0;826
826;2;0;826
826;3;0;826
826;4;1;826
827;1;0;827
827;2;0;827
827;3;0;827
827;4;1;827
828;1;0;828
828;2;0;828
828;3;0;828
828;4;1;828
829;1;0;829
829;2;0;829
829;3;0;829
829;4;1;829
830;1;0;830
830;2;0;830
830;3;0;830
830;4;1;830
831;1;0;831
831;2;0;831
831;3;0;831
831;4;1;831
832;1;0;832
832;2;0;832
832;3;0;832
832;4;1;832
833;1;0;833
833;2;0;833
833;3;0;833
833;4;1;833
834;1;0;834
834;2;0;834
834;3;0;834
834;4;1;834
835;1;0;835
835;2;0;835
835;3;0;835
835;4;1;835
836;1;0;836
836;2;0;836
836;3;0;836
836;4;1;836
837;1;0;837
837;2;0;837
837;3;0;837
837;4;1;837
838;1;0;838
838;2;0;838
838;3;0;838
838;4;1;838
839;1;0;839
839;2;0;839
839;3;0;839
839;4;1;839
840;1;0;840
840;2;0;840
840;3;0;840
840;4;1;840
841;1;0;841
841;2;0;841
841;3;0;841
841;4;1;841
842;1;0;842
842;2;0;842
842;3;0;842
842;4;1;842
843;1;0;843
843;2;0;843
843;3;0;843
843;4;1;843
844;1;0;844
844;2;0;844
844;3;0;844
844;4;1;844
845;1;0;845
845;2;0;845
845;3;0;845
845;4;1;845
846;1;0;846
846;2;0;846
846;3;0;846
846;4;1;846
847;1;0;847
847;2;0;847
847;3;0;847
847;4;1;847
848;1;0;848
848;2;0;848
848;3;0;848
848;4;1;848
849;1;0;849
849;2;0;849
849;3;0;849
849;4;1;849
850;1;0;850
850;2;0;850
850;3;0;850
850;4;1;850
851;1;0;851
851;2;0;851
851;3;0;851
851;4;1;851
852;1;0;852
852;2;0;852
852;3;0;852
852;4;1;852
853;1;0;853
853;2;0;853
853;3;0;853
853;4;1;853
854;1;0;854
854;2;0;854
854;3;0;854
854;4;1;854
855;1;0;855
855;2;0;855
855;3;0;855
855;4;1;855
856;1;0;856
856;2;0;856
856;3;0;856
856;4;1;856
857;1;0;857
857;2;0;857
857;3;0;857
857;4;1;857
858;1;0;858
858;2;0;858
858;3;0;858
858;4;1;858
859;1;0;859
859;2;0;859
859;3;0;859
859;4;1;859
860;1;0;860
860;2;0;860
860;3;0;860
860;4;1;860
861;1;0;861
861;2;0;861
861;3;0;861
861;4;1;861
862;1;0;862
862;2;0;862
862;3;0;862
862;4;1;862
863;1;0;863
863;2;0;863
863;3;0;863
863;4;1;863
864;1;0;864
864;2;0;864
864;3;0;864
864;4;1;864
865;1;0;865
865;2;0;865
865;3;0;865
865;4;1;865
866;1;0;866
866;2;0;866
866;3;0;866
866;4;1;866
867;1;0;867
867;2;0;867
867;3;0;867
867;4;1;867
868;1;0;868
868;2;0;868
868;3;0;868
868;4;1;868
869;1;0;869
869;2;0;869
869;3;0;869
869;4;1;869
870;1;0;870
870;2;0;870
870;3;0;870
870;4;1;870
871;1;0;871
871;2;0;871
871;3;0;871
871;4;1;871
872;1;0;872
872;2;0;872
872;3;0;872
872;4;1;872
873;1;0;873
873;2;0;873
873;3;0;873
873;4;1;873
874;1;0;874
874;2;0;874
874;3;0;874
874;4;1;874
875;1;0;875
875;2;0;875
875;3;0;875
875;4;1;875
876;1;0;876
876;2;0;876
876;3;0;876
876;4;1;876
877;1;0;877
877;2;0;877
877;3;0;877
877;4;1;877
878;1;0;878
878;2;0;878
878;3;0;878
878;4;1;878
879;1;0;879
879;2;0;879
879;3;0;879
879;4;1;879
880;1;0;880
880;2;0;880
880;3;0;880
880;4;1;880
881;1;0;881
881;2;0;881
881;3;0;881
881;4;1;881
882;1;0;882
882;2;0;882
882;3;0;882
882;4;1;882
883;1;0;883
883;2;0;883
883;3;0;883
883;4;1;883
884;1;0;884
884;2;0;884
884;3;0;884
884;4;1;884
885;1;0;885
885;2;0;885
885;3;0;885
885;4;1;885
886;1;0;886
886;2;0;886
886;3;0;886
886;4;1;886
887;1;0;887
887;2;0;887
887;3;0;887
887;4;1;887
888;1;0;888
888;2;0;888
888;3;0;888
888;4;1;888
889;1;0;889
889;2;0;889
889;3;0;889
889;4;1;889
890;1;0;890
890;2;0;890
890;3;0;890
890;4;1;890
891;1;0;891
891;2;0;891
891;3;0;891
891;4;1;891
892;1;0;892
892;2;0;892
892;3;0;892
892;4;1;892
893;1;0;893
893;2;0;893
893;3;0;893
893;4;1;893
894;1;0;894
894;2;0;894
894;3;0;894
894;4;1;894
895;1;0;895
895;2;0;895
895;3;0;895
895;4;1;895
896;1;0;896
896;2;0;896
896;3;0;896
896;4;1;896
897;1;0;897
897;2;0;897
897;3;0;897
897;4;1;897
898;1;0;898
898;2;0;898
898;3;0;898
898;4;1;898
899;1;0;899
899;2;0;899
899;3;0;899
899;4;1;899
900;1;0;900
900;2;0;900
900;3;0;900
900;4;1;900
901;1;0;901
901;2;0;901
901;3;0;901
901;4;1;901
902;1;0;902
902;2;0;902
902;3;0;902
902;4;1;902
903;1;0;903
903;2;0;903
903;3;0;903
903;4;1;903
904;1;0;904
904;2;0;904
904;3;0;904
904;4;1;904
905;1;0;905
905;2;0;905
905;3;0;905
905;4;1;905
906;1;0;906
906;2;0;906
906;3;0;906
906;4;1;906
907;1;0;907
907;2;0;907
907;3;0;907
907;4;1;907
908;1;0;908
908;2;0;908
908;3;0;908
908;4;1;908
909;1;0;909
909;2;0;909
909;3;0;909
909;4;1;909
910;1;0;910
910;2;0;910
910;3;0;910
910;4;1;910
911;1;0;911
911;2;0;911
911;3;0;911
911;4;1;911
912;1;0;912
912;2;0;912
912;3;0;912
912;4;1;912
913;1;0;913
913;2;0;913
913;3;0;913
913;4;1;913
914;1;0;914
914;2;0;914
914;3;0;914
914;4;1;914
915;1;0;915
915;2;0;915
915;3;0;915
915;4;1;915
916;1;0;916
916;2;0;916
916;3;0;916
916;4;1;916
917;1;0;917
917;2;0;917
917;3;0;917
917;4;1;917
918;1;0;918
918;2;0;918
918;3;0;918
918;4;1;918
919;1;0;919
919;2;0;919
919;3;0;919
919;4;1;919
920;1;0;920
920;2;0;920
920;3;0;920
920;4;1;920
921;1;0;921
921;2;0;921
921;3;0;921
921;4;1;921
922;1;0;922
922;2;0;922
922;3;0;922
922;4;1;922
923;1;0;923
923;2;0;923
923;3;0;923
923;4;1;923
924;1;0;924
924;2;0;924
924;3;0;924
924;4;1;924
925;1;0;925
925;2;0;925
925;3;0;925
925;4;1;925
926;1;0;926
926;2;0;926
926;3;0;926
926;4;1;926
927;1;0;927
927;2;0;927
927;3;0;927
927;4;1;927
928;1;0;928
928;2;0;928
928;3;0;928
928;4;1;928
929;1;0;929
929;2;0;929
929;3;0;929
929;4;1;929
930;1;0;930
930;2;0;930
930;3;0;930
930;4;1;930
931;1;0;931
931;2;0;931
931;3;0;931
931;4;1;931
932;1;0;932
932;2;0;932
932;3;0;932
932;4;1;932
933;1;0;933
933;2;0;933
933;3;0;933
933;4;1;933
934;1;0;934
934;2;0;934
934;3;0;934
934;4;1;934
935;1;0;935
935;2;0;935
935;3;0;935
935;4;1;935
936;1;0;936
936;2;0;936
936;3;0;936
936;4;1;936
937;1;0;937
937;2;0;937
937;3;0;937
937;4;1;937
938;1;0;938
938;2;0;938
938;3;0;938
938;4;1;938
939;1;0;939
939;2;0;939
939;3;0;939
939;4;1;939
940;1;0;940
940;2;0;940
940;3;0;940
940;4;1;940
941;1;0;941
941;2;0;941
941;3;0;941
941;4;1;941
942;1;0;942
942;2;0;942
942;3;0;942
942;4;1;942
943;1;0;943
943;2;0;943
943;3;0;943
943;4;1;943
944;1;0;944
944;2;0;944
944;3;0;944
944;4;1;944
945;1;0;945
945;2;0;945
945;3;0;945
945;4;1;945
946;1;0;946
946;2;0;946
946;3;0;946
946;4;1;946
947;1;0;947
947;2;0;947
947;3;0;947
947;4;1;947
948;1;0;948
948;2;0;948
948;3;0;948
948;4;1;948
949;1;0;949
949;2;0;949
949;3;0;949
949;4;1;949
950;1;0;950
950;2;0;950
950;3;0;950
950;4;1;950
951;1;0;951
951;2;0;951
951;3;0;951
951;4;1;951
952;1;0;952
952;2;0;952
952;3;0;952
952;4;1;952
953;1;0;953
953;2;0;953
953;3;0;953
953;4;1;953
954;1;0;954
954;2;0;954
954;3;0;954
954;4;1;954
955;1;0;955
955;2;0;955
955;3;0;955
955;4;1;955
956;1;0;956
956;2;0;956
956;3;0;956
956;4;1;956
957;1;0;957
957;2;0;957
957;3;0;957
957;4;1;957
958;1;0;958
958;2;0;958
958;3;0;958
958;4;1;958
959;1;0;959
959;2;0;959
959;3;0;959
959;4;1;959
960;1;0;960
960;2;0;960
960;3;0;960
960;4;1;960
961;1;0;961
961;2;0;961
961;3;0;961
961;4;1;961
962;1;0;962
962;2;0;962
962;3;0;962
962;4;1;962
963;1;0;963
963;2;0;963
963;3;0;963
963;4;1;963
964;1;0;964
964;2;0;964
964;3;0;964
964;4;1;964
965;1;0;965
965;2;0;965
965;3;0;965
965;4;1;965
966;1;0;966
966;2;0;966
966;3;0;966
966;4;1;966
967;1;0;967
967;2;0;967
967;3;0;967
967;4;1;967
968;1;0;968
968;2;0;968
968;3;0;968
968;4;1;968
969;1;0;969
969;2;0;969
969;3;0;969
969;4;1;969
970;1;0;970
970;2;0;970
970;3;0;970
970;4;1;970
971;1;0;971
971;2;0;971
971;3;0;971
971;4;1;971
972;1;0;972
972;2;0;972
972;3;0;972
972;4;1;972
973;1;0;973
973;2;0;973
973;3;0;973
973;4;1;973
974;1;0;974
974;2;0;974
974;3;0;974
974;4;1;974
975;1;0;975
975;2;0;975
975;3;0;975
975;4;1;975
976;1;0;976
976;2;0;976
976;3;0;976
976;4;1;976
977;1;0;977
977;2;0;977
977;3;0;977
977;4;1;977
978;1;0;978
978;2;0;978
978;3;0;978
978;4;1;978
979;1;0;979
979;2;0;979
979;3;0;979
979;4;1;979
980;1;0;980
980;2;0;980
980;3;0;980
980;4;1;980
981;1;0;981
981;2;0;981
981;3;0;981
981;4;1;981
982;1;0;982
982;2;0;982
982;3;0;982
982;4;1;982
983;1;0;983
983;2;0;983
983;3;0;983
983;4;1;983
984;1;0;984
984;2;0;984
984;3;0;984
984;4;1;984
985;1;0;985
985;2;0;985
985;3;0;985
985;4;1;985
986;1;0;986
986;2;0;986
986;3;0;986
986;4;1;986
987;1;0;987
987;2;0;987
987;3;0;987
987;4;1;987
988;1;0;988
988;2;0;988
988;3;0;988
988;4;1;988
989;1;0;989
989;2;0;989
989;3;0;989
989;4;1;989
990;1;0;990
990;2;0;990
990;3;0;990
990;4;1;990
991;1;0;991
991;2;0;991
991;3;0;991
991;4;1;991
992;1;0;992
992;2;0;992
992;3;0;992
992;4;1;992
993;1;0;993
993;2;0;993
993;3;0;993
993;4;1;993
994;1;0;994
994;2;0;994
994;3;0;994
994;4;1;994
995;1;0;995
995;2;0;995
995;3;0;995
995;4;1;995
996;1;0;996
996;2;0;996
996;3;0;996
996;4;1;996
997;1;0;997
997;2;0;997
997;3;0;997
997;4;1;997
998;1;0;998
998;2;0;998
998;3;0;998
998;4;1;998
999;1;0;999
999;2;0;999
999;3;0;999
999;4;1;999
1000;1;0;1000
1000;2;0;1000
1000;3;0;1000
1000;4;1;1000
